Year,1915,1916,1917,1918,1919,1920,1921,1922,1923,1924,1925,1926,1927,1928,1929,1930,1931,1932,1933,1934,1935,1936,1937,1938,1939,1940,1941,1942,1943,1944,1945,1946,1947,1948,1949,1950,1951,1952,1953,1954,1955,1956,1957,1958,1959,1960,1961,1962,1963,1964,1965,1966,1967,1968,1969,1970,1971,1972,1973,1974,1975,1976,1977,1978,1979,1980,1981,1982,1983,1984,1985,1986,1987,1988,1989,1990,1991,1992,1993,1994,1995,1996,1997,1998,1999,2000,2001,2002,2003,2004,2005,2006,2007,2008,2009,2010,2011,2012,2013,2014
Allerton,3,3,6,6,7,14,4,3,6,5,4,7,8,5,10,16,12,8,8,8,6,4,1,1,3,8,2,3,3,6,5,2,4,1,3,6,4,3,0,2,7,0,2,3,1,12,1,4,3,6,3,1,8,3,2,11,2,2,5,2,1,4,8,7,1,8,6,5,4,9,4,4,4,3,4,8,7,4,11,2,3,3,8,3,1,4,3,1,3,1,4,0,2,1,0,0,2,3,2,3
Alley Pond Park,2,4,1,0,3,12,3,3,2,2,7,6,3,3,3,11,3,4,6,5,3,4,7,6,3,3,2,2,4,2,2,1,1,1,1,9,2,1,1,2,0,5,0,2,1,11,5,5,3,8,2,2,2,6,4,16,4,8,3,5,4,9,6,4,3,12,2,4,5,9,2,2,4,5,5,6,1,2,1,2,6,4,9,9,7,9,4,6,1,4,0,0,0,1,2,5,3,0,3,0
Arden Heights,1,0,0,0,0,3,0,0,0,1,1,0,2,0,0,2,1,0,0,1,2,0,0,0,0,1,0,1,0,1,1,1,0,2,0,1,0,0,1,0,0,0,2,0,0,6,0,1,0,4,3,2,1,4,1,12,1,2,1,2,2,3,2,2,2,2,1,3,1,0,3,0,2,0,1,3,1,1,1,3,5,1,2,0,2,1,2,0,0,0,0,0,0,0,0,0,0,1,0,0
Arlington,21,9,24,22,16,23,21,14,8,9,6,12,8,12,12,19,18,14,13,16,18,16,13,13,16,20,14,7,6,4,10,12,4,15,12,20,9,11,13,18,10,13,12,10,11,23,12,10,12,20,14,16,23,18,14,26,23,18,20,23,18,22,30,20,14,39,10,14,10,18,15,18,16,19,17,35,21,12,21,18,23,23,9,18,17,25,35,28,20,16,16,6,11,6,8,10,6,3,4,1
Arrochar,0,0,1,1,2,1,2,1,0,0,1,1,1,2,3,1,2,3,2,1,1,3,0,1,2,1,1,0,0,0,1,0,0,3,2,1,2,3,2,2,4,1,3,0,1,0,0,0,0,0,1,0,0,0,1,1,0,1,0,0,0,0,0,0,0,0,1,0,0,0,0,0,0,0,0,0,0,0,0,0,0,0,0,0,1,0,0,0,0,0,0,0,0,0,2,1,0,0,0,0
Arverne,7,0,5,7,1,8,2,4,2,3,6,2,1,4,5,10,5,3,3,4,2,8,6,7,7,8,4,2,1,1,3,2,13,13,18,22,8,5,4,2,2,4,5,3,6,33,2,2,3,11,11,6,7,15,11,27,10,8,6,5,9,2,3,4,4,14,3,7,3,5,6,9,9,10,5,12,6,4,1,7,5,6,3,5,3,7,6,5,5,5,4,0,1,1,2,1,0,3,2,2
Astoria,56,46,76,63,55,123,53,52,43,76,73,56,60,79,95,164,120,110,102,103,72,87,92,85,94,113,56,61,50,50,78,67,74,61,70,139,59,53,74,69,75,58,69,55,66,176,68,73,83,93,93,69,83,84,96,239,113,95,97,97,104,93,91,84,81,230,98,107,84,104,100,129,105,103,143,206,112,125,133,112,116,105,98,109,98,156,132,95,94,89,93,59,49,62,41,50,39,40,33,19
Bath Beach,10,6,7,11,13,24,9,7,13,8,18,5,11,8,20,40,12,1,10,12,10,9,6,7,7,10,6,7,1,6,3,12,4,4,6,17,9,6,7,5,11,6,14,11,7,24,16,13,8,15,16,11,12,15,10,35,13,8,9,6,13,16,13,6,9,27,13,8,9,9,12,17,11,8,8,24,15,13,19,9,12,10,15,15,16,21,17,14,17,13,12,4,8,4,9,5,6,4,3,2
Battery Park City,33,31,50,44,41,106,30,36,23,41,35,35,36,56,71,122,36,33,53,40,34,52,39,61,73,89,55,26,30,22,53,43,50,54,58,141,44,36,49,40,54,37,52,41,42,222,68,56,53,84,78,98,79,94,99,303,80,102,108,97,138,100,104,103,115,302,125,128,106,98,168,170,136,112,116,221,135,136,131,116,146,119,133,135,116,165,248,166,114,83,88,45,45,55,46,37,32,54,19,14
Bay Ridge,23,30,27,20,25,49,16,25,18,24,39,18,24,34,37,76,27,39,41,39,32,39,24,38,37,72,33,22,20,18,25,32,28,22,27,80,23,26,24,19,29,23,42,31,26,105,40,27,35,45,53,43,59,53,70,141,67,77,50,44,55,44,47,38,45,135,53,76,57,60,66,84,55,61,70,132,84,64,109,70,75,71,97,64,45,74,86,56,46,42,33,19,29,17,39,28,20,14,14,4
Bay Terrace,15,9,10,7,9,32,6,13,6,15,22,11,13,12,18,39,13,11,12,14,18,11,12,15,13,27,10,11,3,3,12,9,6,7,8,28,6,1,7,2,7,7,7,8,8,33,8,14,7,17,13,10,9,13,9,26,10,12,9,9,13,13,11,7,15,32,15,12,10,14,14,22,17,14,17,38,25,17,18,19,20,20,29,25,13,22,17,15,10,11,14,8,8,6,11,7,7,7,3,1
Bay Terrace,15,9,10,7,9,32,6,13,6,15,22,11,13,12,18,39,13,11,12,14,18,11,12,15,13,27,10,11,3,3,12,9,6,7,8,28,6,1,7,2,7,7,7,8,8,33,8,14,7,17,13,10,9,13,9,26,10,12,9,9,13,13,11,7,15,32,15,12,10,14,14,22,17,14,17,38,25,17,18,19,20,20,29,25,13,22,17,15,10,11,14,8,8,6,11,7,7,7,3,1
Baychester,0,1,1,0,6,6,0,1,0,1,1,0,2,2,2,5,1,0,1,1,0,0,5,2,4,4,3,2,1,1,1,0,3,2,8,4,4,3,3,3,5,1,2,7,7,19,5,1,4,4,8,3,10,3,9,16,3,3,4,5,4,5,3,5,4,17,8,7,1,5,4,5,7,8,8,14,6,3,8,5,7,9,7,5,6,5,1,3,2,1,0,3,2,1,3,2,4,1,0,0
Bayside,15,14,18,12,13,43,13,11,12,20,24,23,21,20,27,43,28,26,30,33,21,35,35,39,43,47,22,27,21,23,20,34,33,23,28,72,30,23,26,20,31,24,21,28,23,88,31,29,20,26,49,39,28,33,43,114,55,61,72,69,56,61,52,54,32,84,44,31,33,32,38,51,44,44,54,75,47,41,42,27,55,48,44,48,37,57,52,35,28,31,23,9,16,13,20,22,16,18,10,6
Bayswater,0,1,1,1,2,1,0,0,3,1,1,0,2,0,0,2,1,1,0,0,0,0,2,2,1,1,1,0,0,1,0,0,1,0,0,2,1,1,2,1,1,1,1,0,1,3,0,0,2,0,1,0,1,0,0,4,2,3,1,1,0,1,1,1,0,4,0,0,2,1,1,2,1,1,4,1,3,0,0,2,2,3,2,0,1,2,1,1,2,0,0,0,0,0,1,0,0,0,0,0
Bayswater,0,1,1,1,2,1,0,0,3,1,1,0,2,0,0,2,1,1,0,0,0,0,2,2,1,1,1,0,0,1,0,0,1,0,0,2,1,1,2,1,1,1,1,0,1,3,0,0,2,0,1,0,1,0,0,4,2,3,1,1,0,1,1,1,0,4,0,0,2,1,1,2,1,1,4,1,3,0,0,2,2,3,2,0,1,2,1,1,2,0,0,0,0,0,1,0,0,0,0,0
Bedford-Stuyvesant,12,11,11,7,18,33,11,9,6,13,12,5,22,19,17,59,18,16,13,22,21,22,18,29,20,64,29,22,30,17,26,28,28,24,31,103,20,35,34,51,44,34,53,50,59,216,48,46,82,125,117,128,124,152,124,300,115,135,137,95,105,121,134,94,89,226,88,121,88,110,112,127,122,117,122,218,136,97,137,127,143,132,107,92,112,152,135,101,92,69,70,74,57,50,60,72,49,44,41,21
Belle Harbor,6,5,8,7,10,15,6,6,5,9,5,7,6,8,11,15,5,4,8,5,4,5,3,3,5,10,5,5,4,6,9,7,7,3,4,12,4,6,3,4,5,6,5,5,7,12,7,9,2,6,10,10,4,4,16,12,3,6,8,7,5,8,7,7,3,14,1,3,1,4,4,1,9,6,5,10,11,5,5,10,7,6,11,7,10,11,20,12,5,3,1,2,3,2,4,2,2,5,1,0
Bellerose,1,3,2,5,5,7,0,1,1,4,4,2,3,1,6,3,2,8,7,4,3,3,6,4,4,8,4,2,0,2,5,7,6,8,6,11,10,4,5,4,4,7,3,6,3,6,1,6,2,5,3,6,5,5,12,15,7,10,7,8,13,12,2,10,7,14,6,6,5,5,4,6,6,7,11,13,6,4,9,12,6,4,3,7,11,12,8,2,8,3,6,2,0,4,4,5,3,1,2,0
Belmont,43,20,31,28,28,34,19,24,13,17,13,8,11,15,27,46,33,41,24,18,10,14,12,14,17,34,5,16,13,11,21,24,9,17,12,30,13,11,12,10,12,13,6,9,10,37,12,12,18,18,18,12,24,15,23,49,25,19,18,29,28,14,22,15,13,38,14,17,18,17,18,19,12,16,18,35,16,8,18,15,23,17,16,16,16,24,16,12,9,13,7,4,10,6,7,8,2,4,3,0
Bensonhurst,8,6,7,6,8,25,4,8,4,6,12,7,8,7,8,31,6,9,7,10,9,13,10,19,10,29,11,4,7,8,10,8,9,8,17,49,12,14,7,14,21,11,24,17,15,75,21,13,13,29,38,25,30,46,38,126,40,40,40,34,43,50,51,29,46,106,48,69,48,62,63,79,59,66,147,128,84,62,82,63,58,64,50,46,38,60,62,37,20,19,31,21,16,20,32,34,13,21,13,3
Bergen Beach,4,4,5,7,8,18,1,3,6,6,7,8,8,8,8,17,16,10,13,13,9,7,10,16,11,17,6,7,6,8,10,6,5,5,9,15,9,8,8,8,7,8,7,6,9,16,13,11,7,13,11,9,10,10,7,21,15,16,10,8,12,11,10,6,5,22,9,9,8,9,12,11,7,4,8,19,10,14,7,9,13,5,2,5,7,19,10,4,5,4,3,2,3,2,4,2,2,4,2,1
Bloomfield,8,5,7,11,8,9,9,6,3,5,6,3,8,4,5,13,8,6,9,3,7,9,6,7,8,13,5,5,8,11,9,7,7,5,7,8,5,3,6,4,7,6,2,6,5,11,4,2,5,3,6,8,7,13,12,14,6,4,9,9,8,7,1,7,5,14,7,2,6,11,7,8,11,4,12,7,11,7,12,8,9,11,8,4,4,11,15,16,4,8,6,4,5,10,7,3,1,2,2,2
Boerum Hill,4,3,3,3,3,19,1,1,2,2,3,1,2,8,12,18,4,5,2,2,3,1,2,3,10,27,5,3,4,3,2,5,5,5,6,33,2,1,7,1,4,4,9,1,2,41,4,8,5,8,9,9,11,13,11,51,6,13,13,16,23,11,27,21,18,49,16,14,11,9,17,21,26,22,23,34,28,21,29,21,31,25,32,24,24,36,30,12,24,26,27,15,17,20,15,13,14,10,6,9
Borough Park,99,83,108,94,80,212,75,104,116,129,128,117,107,151,180,325,153,165,167,193,147,144,131,168,168,225,123,98,76,52,108,130,114,114,122,257,103,108,106,104,135,103,125,131,102,402,143,116,123,200,200,152,127,167,191,454,148,150,181,188,179,165,194,178,147,460,171,175,179,195,215,202,168,202,262,406,214,197,237,189,175,191,234,186,188,225,248,191,123,126,144,72,82,91,95,85,69,87,63,27
Breezy Point,1,7,4,3,4,9,5,3,4,3,4,2,3,3,2,10,1,2,2,8,7,8,3,8,7,11,6,4,4,5,4,6,3,9,6,20,7,4,5,8,7,12,7,12,9,40,24,19,39,31,15,16,10,11,20,26,5,16,6,13,12,8,7,9,7,29,13,11,10,9,13,13,7,15,9,17,9,10,17,6,12,8,9,13,11,22,16,12,12,6,11,8,3,3,7,9,4,11,1,1
Briarwood,0,1,0,0,0,4,0,0,0,1,0,0,2,1,0,4,0,0,3,0,0,5,1,2,2,2,0,0,0,0,2,1,0,2,1,10,5,2,6,1,2,2,1,2,0,8,3,0,3,0,4,2,3,1,5,13,2,3,4,4,2,5,4,2,1,10,4,6,4,6,5,7,6,0,3,14,4,9,5,3,5,6,3,7,1,5,6,5,5,1,4,1,1,1,2,2,1,1,2,1
Brighton Beach,19,11,17,11,18,44,19,17,17,22,21,10,20,14,22,49,22,13,15,15,26,11,11,17,19,26,13,8,9,7,10,15,9,10,10,34,8,11,11,16,17,15,17,15,18,57,18,21,9,17,28,18,16,34,22,78,21,30,29,32,27,30,26,26,39,93,27,28,21,28,25,46,34,36,59,87,42,42,44,39,34,33,30,32,21,42,32,27,32,25,13,14,16,10,18,13,12,14,12,3
Broad Channel,11,3,8,3,7,15,3,7,4,8,7,6,7,11,11,21,5,4,3,3,4,2,6,8,18,10,6,4,5,2,6,9,2,8,3,21,6,3,6,6,11,10,8,6,11,31,9,12,8,9,7,9,12,11,9,34,9,16,14,15,9,10,10,12,13,26,8,21,9,7,5,9,10,7,7,26,16,9,10,12,13,23,19,21,14,19,19,10,10,13,11,7,7,4,12,8,4,10,6,7
Bronx Park,183,171,241,232,208,401,159,153,160,176,215,165,188,235,272,527,246,270,255,297,220,233,215,254,275,341,170,162,127,98,168,193,179,175,217,463,184,169,189,174,204,155,176,178,175,668,245,228,220,293,324,284,265,333,356,812,353,329,350,350,335,304,359,327,310,759,312,318,264,293,336,338,304,362,433,636,350,391,403,360,406,345,368,334,309,414,352,339,249,209,221,142,166,176,162,153,120,160,98,53
Bronxdale,0,0,1,1,1,1,0,0,0,1,0,1,0,2,1,2,0,0,1,1,1,2,1,0,2,1,1,1,0,0,1,1,1,1,0,2,2,2,2,1,1,1,3,1,0,1,1,2,0,2,1,1,2,2,3,3,2,3,0,0,0,1,1,0,0,1,2,1,1,1,0,1,1,1,0,0,1,0,2,1,2,1,0,0,3,0,0,0,1,2,0,0,0,1,0,0,0,0,0,0
Brooklyn Heights,61,75,86,74,74,197,66,79,91,88,88,77,81,85,110,262,92,87,91,99,79,92,91,93,106,199,104,77,58,54,67,97,88,69,81,283,80,57,82,88,105,61,89,71,83,454,102,103,103,156,224,135,136,175,217,576,184,203,209,193,213,180,245,205,212,607,219,226,218,246,268,283,257,276,387,581,645,398,409,345,347,299,347,280,259,386,361,245,248,189,223,168,167,187,171,171,127,112,97,51
Brownsville,18,14,12,14,13,21,20,13,12,16,21,14,22,17,22,48,15,27,29,32,31,28,35,31,35,47,26,22,26,19,20,26,21,27,28,50,27,20,17,27,23,18,30,31,34,129,31,44,65,84,100,107,164,244,143,219,102,106,111,80,80,52,55,44,39,104,44,47,38,48,44,54,48,63,57,103,64,55,64,62,52,47,51,42,49,68,49,34,37,26,29,30,27,20,26,27,33,24,18,8
Bull's Head,0,0,2,0,1,3,0,0,1,1,1,4,0,1,2,2,0,0,0,0,0,0,1,0,2,0,1,1,0,1,0,1,0,4,2,0,0,0,0,0,1,2,0,0,0,5,0,1,2,1,1,2,0,1,2,3,2,1,2,4,0,2,2,1,2,5,4,3,2,2,5,2,2,1,2,4,8,0,4,4,5,5,3,2,2,2,2,1,1,4,1,1,0,0,0,0,0,1,0,0
Bushwick,10,12,11,10,12,30,14,13,12,20,20,4,13,14,17,47,17,11,21,12,17,19,8,14,8,33,14,10,7,7,9,15,16,11,18,37,11,9,12,12,20,18,17,14,21,94,19,21,18,24,38,42,36,46,50,148,47,64,62,48,48,47,85,51,48,120,65,53,53,51,77,61,63,56,76,109,52,68,70,65,65,57,74,50,51,72,59,49,64,40,48,37,39,46,45,32,47,42,37,14
Cambria Heights,0,0,0,0,1,3,0,0,0,0,1,1,2,2,1,5,0,2,2,2,4,0,3,2,3,6,1,1,1,3,1,5,1,0,3,9,5,1,3,3,5,2,3,7,5,22,4,3,1,9,16,5,7,11,12,27,7,10,4,11,8,7,11,12,12,25,15,8,6,11,10,11,5,4,7,27,11,12,13,17,13,9,11,2,7,6,12,5,5,5,8,3,1,4,2,1,1,0,1,0
Canarsie,5,6,6,6,12,17,6,10,5,11,4,9,7,9,8,23,11,8,5,8,10,8,14,13,16,23,12,5,9,3,6,16,11,6,11,37,6,13,8,14,19,10,26,17,26,63,23,24,21,29,40,22,42,44,52,112,50,73,48,43,48,31,26,30,27,79,27,41,34,29,27,40,28,34,47,70,50,41,32,38,35,49,35,36,32,47,34,38,24,24,19,14,15,11,16,16,9,9,7,8
Carroll Gardens,2,1,2,5,7,11,6,3,3,7,7,8,6,8,12,23,8,6,4,7,6,9,5,5,13,23,5,4,3,2,5,2,5,3,3,34,2,5,6,7,7,1,3,2,5,47,3,5,10,8,10,8,9,9,5,47,16,8,10,11,11,10,24,17,17,63,26,15,19,21,16,20,25,21,25,37,26,18,27,31,22,30,40,35,39,42,39,30,33,35,35,24,21,30,23,22,23,14,11,7
Castle Hill,12,6,6,7,15,27,6,5,3,11,15,3,7,9,10,30,7,8,10,9,7,12,11,13,16,23,10,9,11,6,7,11,8,8,12,21,14,10,12,11,12,10,11,12,8,40,13,6,9,10,13,8,18,10,18,31,15,10,10,10,15,15,12,7,9,38,13,12,13,15,19,12,15,23,13,23,11,15,16,15,15,12,17,14,10,25,18,6,13,4,17,12,9,4,9,4,6,5,5,0
Castleton Corners,0,0,2,0,0,3,0,0,0,0,0,0,0,1,0,1,0,1,0,1,0,0,1,0,0,0,0,0,0,0,0,0,0,1,0,0,0,0,0,0,2,0,0,0,0,0,0,1,0,0,1,3,1,1,0,2,0,0,1,0,0,2,1,0,0,1,1,0,0,1,2,3,1,0,1,0,1,1,1,3,0,1,0,0,1,1,1,0,0,0,0,0,0,0,0,0,0,0,0,0
Central Park,243,219,275,238,231,658,197,205,220,276,285,245,266,289,426,828,321,292,276,337,269,323,255,283,363,487,218,191,158,135,218,237,213,203,216,682,201,196,188,232,260,235,249,248,244,1006,343,304,325,435,422,432,403,458,455,1147,432,443,485,442,480,453,405,430,461,1177,436,424,419,433,512,500,453,477,705,915,517,500,587,490,573,561,522,504,470,667,586,454,393,395,349,222,255,255,238,232,202,216,141,77
Charleston,9,8,15,15,16,27,10,10,8,15,6,11,7,13,12,31,17,8,7,3,10,9,13,10,15,24,6,10,10,6,8,10,12,10,9,14,9,6,9,17,7,6,5,8,15,27,14,11,16,13,15,6,14,17,16,23,13,8,11,8,13,15,8,11,8,23,6,16,14,14,18,14,13,8,13,25,23,19,14,9,18,11,6,12,5,16,12,6,16,5,6,4,3,4,6,4,7,4,7,4
Chelsea,38,38,61,48,46,148,37,25,32,27,48,41,44,44,76,195,63,51,41,37,32,39,31,36,40,105,34,31,27,18,26,38,42,30,44,189,39,29,38,45,57,35,55,47,46,291,59,70,64,77,91,89,63,108,109,319,92,96,86,88,99,104,102,97,97,421,124,136,113,131,172,134,155,114,162,322,181,181,200,196,226,218,207,228,228,281,280,192,207,183,176,136,128,127,128,127,95,109,75,51
Chinatown,17,18,8,7,12,59,6,10,6,13,19,19,15,18,22,70,16,16,22,18,22,16,18,21,29,55,17,19,20,13,20,14,24,14,29,99,15,17,22,9,27,13,18,14,16,149,39,27,25,38,87,30,41,36,57,181,53,63,65,64,67,59,53,49,83,215,65,78,67,63,78,87,74,69,107,202,117,95,118,116,84,80,99,80,81,124,126,82,65,63,51,44,45,43,61,44,44,35,32,14
City Island,398,368,442,450,395,924,395,371,373,457,477,420,416,525,669,1258,590,547,572,589,527,539,500,563,662,927,463,379,332,294,473,501,507,488,476,1360,465,431,483,496,499,485,558,485,525,1823,647,631,627,814,987,812,792,935,1118,2452,990,1068,1106,1014,1155,1037,979,1055,1076,2504,1125,1075,1029,1088,1213,1263,1054,1126,1384,2126,1201,1192,1441,1218,1297,1277,1230,1126,1085,1449,1549,1084,945,847,802,556,569,574,589,536,410,500,378,203
Civic Center,26,28,29,30,26,92,24,24,25,28,29,24,35,39,61,108,44,32,46,61,54,56,49,65,68,105,48,59,36,40,58,63,74,73,69,180,53,50,53,73,69,74,53,69,73,234,88,83,96,121,111,106,92,86,106,259,62,71,83,90,112,84,101,78,68,243,72,75,66,98,100,80,96,80,122,174,92,97,126,97,108,108,109,100,88,135,192,126,87,75,66,43,41,29,35,40,16,66,18,11
Claremont Village,3,1,3,0,4,4,1,0,0,2,4,1,0,1,1,3,1,1,1,0,1,2,2,2,4,8,1,0,7,1,4,1,4,2,0,9,4,0,2,0,1,0,3,0,0,5,3,3,1,2,3,5,4,3,5,8,2,2,4,3,6,3,0,1,1,9,2,3,1,4,2,2,4,0,1,2,3,2,1,1,5,1,1,0,0,4,1,0,3,3,3,1,1,2,1,2,2,2,1,1
Clason Point,1,2,1,3,6,6,3,1,5,3,2,0,5,3,5,7,3,4,2,4,4,3,4,2,5,3,4,4,1,1,1,0,2,2,4,2,2,2,1,1,4,2,5,1,1,6,2,2,2,5,1,0,8,1,4,9,6,9,9,0,1,3,0,4,4,7,1,3,1,1,3,3,1,2,1,3,1,2,1,2,1,1,1,4,2,0,2,2,1,0,1,0,1,0,1,1,0,0,0,0
Clifton,12,9,14,15,13,26,17,8,7,5,11,1,6,11,15,24,15,12,18,14,17,16,18,15,21,30,13,9,10,12,19,16,13,13,8,24,10,11,13,14,11,14,12,11,8,23,11,13,15,21,16,6,15,18,14,43,14,19,14,12,15,14,10,12,16,32,11,25,14,13,13,15,13,9,14,27,16,23,19,10,14,9,13,16,14,24,18,8,8,7,5,2,5,5,3,7,2,3,0,1
Clinton Hill,13,10,12,15,14,29,7,10,6,11,17,7,13,20,23,45,15,16,18,14,18,16,9,15,16,29,12,10,18,9,9,15,16,11,9,38,12,6,13,9,15,14,15,8,10,52,10,10,17,21,22,23,20,15,32,68,24,21,26,25,23,26,24,28,37,90,26,33,25,29,33,36,37,35,35,72,45,25,49,35,56,36,43,76,48,77,79,60,30,48,47,36,30,42,38,28,23,27,15,9
Co-op City,148,156,327,304,224,381,217,80,61,67,101,81,103,114,156,263,114,71,63,47,75,60,71,80,85,145,49,50,49,39,58,51,70,55,61,232,53,52,54,55,81,76,68,64,76,347,117,96,108,116,143,120,152,187,187,432,192,164,213,207,226,160,200,181,164,507,201,178,177,186,192,230,227,196,250,373,202,178,201,204,206,171,198,186,188,259,223,194,184,160,135,93,115,102,102,105,73,67,53,30
Cobble Hill,2,3,1,2,1,12,1,2,1,6,3,1,3,4,4,17,2,1,4,5,2,4,3,2,10,17,4,3,3,0,3,3,7,5,1,30,4,6,8,6,6,3,8,6,8,47,6,7,6,9,12,13,10,12,21,62,12,9,9,9,18,22,24,20,13,54,21,17,17,14,19,19,27,19,16,37,34,22,36,35,27,34,31,20,21,44,34,33,26,33,21,16,24,30,22,19,9,12,13,7
College Point,59,54,70,74,74,144,73,47,53,71,64,78,78,80,119,229,92,81,105,113,104,111,121,133,155,182,89,101,87,86,118,130,124,146,122,271,124,101,114,129,124,134,131,136,122,456,153,167,167,187,249,196,228,274,243,566,212,211,263,249,258,237,210,247,203,552,196,179,187,204,233,211,235,226,268,445,257,247,341,282,285,272,257,248,259,314,336,239,173,173,148,114,108,118,105,99,73,92,54,35
Columbia St,82,67,92,99,71,136,86,55,48,57,56,36,41,61,79,136,56,63,56,63,63,55,45,69,75,100,53,40,35,32,52,62,56,46,42,112,52,42,40,49,49,53,47,44,48,151,52,67,53,71,81,73,64,88,56,132,60,58,60,59,75,60,59,57,69,150,65,61,48,58,62,59,54,60,61,102,58,59,61,72,61,70,56,66,41,82,59,44,52,39,22,22,27,21,22,13,10,12,8,3
Concord,9,4,10,7,6,12,13,9,6,7,3,8,4,9,13,16,16,11,12,14,16,8,7,5,12,12,6,5,8,3,8,5,5,10,8,19,10,7,10,10,12,4,8,11,10,29,11,11,8,15,16,18,12,20,16,33,14,17,17,19,18,14,11,19,11,19,13,11,10,29,12,12,9,5,7,10,5,9,12,5,17,8,13,4,9,9,18,8,7,4,9,2,1,4,1,5,3,1,4,0
Concourse,30,16,35,34,40,94,34,39,42,46,44,35,44,50,76,129,73,63,54,59,48,41,48,39,60,78,30,34,24,21,31,34,35,32,26,101,32,16,32,22,31,22,31,32,23,135,46,38,47,49,67,57,52,79,67,180,81,76,74,51,57,49,69,66,48,153,47,56,42,62,78,68,76,64,72,108,61,90,95,85,86,81,63,71,58,62,86,46,53,42,35,25,23,24,23,19,18,21,13,6
Concourse Village,5,5,8,8,12,18,4,2,3,6,6,3,7,5,9,31,9,4,7,4,7,11,10,8,14,18,7,9,10,5,8,8,8,5,9,24,8,2,6,3,5,3,9,6,3,22,8,11,6,10,12,14,18,15,13,32,12,11,19,7,14,10,10,5,11,29,3,10,6,7,8,11,16,9,9,13,9,8,10,11,13,10,12,15,13,22,13,10,12,6,8,6,6,4,5,7,7,6,5,2
Coney Island,72,61,81,85,69,159,74,65,66,67,93,81,79,85,90,189,99,98,84,104,103,86,72,71,114,151,75,66,52,47,63,70,64,56,58,166,48,51,44,59,73,60,95,52,49,175,64,58,66,116,112,86,65,119,101,239,95,105,104,94,101,98,94,101,99,217,84,93,98,102,88,125,77,104,99,156,95,102,116,108,109,111,101,75,84,95,118,71,79,71,75,36,66,53,42,33,35,52,34,16
Corona,28,27,34,25,28,56,27,31,24,33,44,27,23,33,30,77,28,28,21,40,33,20,28,34,101,57,26,17,24,11,19,15,24,11,23,60,28,16,20,21,19,19,22,19,17,103,29,27,33,139,50,53,42,44,52,140,62,55,52,44,55,34,37,54,40,145,45,55,45,47,55,67,32,49,61,108,58,62,82,70,69,63,56,44,36,75,73,47,44,43,45,25,26,27,26,22,23,44,12,12
Country Club,90,61,95,82,90,177,81,85,68,102,101,97,97,119,147,249,115,135,123,101,97,112,96,99,116,189,72,55,68,54,82,90,76,95,80,203,73,78,69,72,79,72,74,83,80,304,99,82,100,119,127,112,111,137,115,305,132,128,125,119,124,152,108,104,100,307,108,103,85,106,111,111,129,129,114,247,117,113,137,126,127,121,115,123,106,180,150,96,86,104,71,45,54,61,43,36,30,33,24,13
Crotona Park,5,3,6,5,13,14,4,5,3,3,5,1,0,1,4,17,9,5,6,10,4,5,4,1,1,6,3,2,1,0,0,3,3,3,9,5,3,2,4,2,4,1,5,1,3,14,9,7,5,7,6,4,15,12,7,24,8,9,6,7,5,8,23,5,12,23,9,12,16,11,11,15,10,11,19,18,12,14,13,9,10,9,11,3,14,9,11,6,6,9,5,4,4,5,4,1,2,4,4,2
Crown Heights,10,7,12,4,12,42,4,6,11,10,10,10,12,17,11,56,13,12,9,11,15,15,11,19,21,43,14,10,12,8,14,17,22,13,17,66,15,16,14,20,21,13,25,17,16,131,20,26,23,43,59,31,36,66,67,178,56,72,72,67,64,60,77,58,58,167,48,65,78,70,90,100,85,100,208,220,545,215,187,135,107,90,125,89,82,103,114,76,75,57,64,57,42,53,40,52,44,39,28,18
Cunningham Park,11,11,11,9,9,28,8,4,7,7,8,9,13,11,14,22,15,16,23,21,14,10,10,22,16,21,9,5,4,4,9,8,6,11,5,23,7,3,9,5,8,4,5,3,8,28,2,12,9,9,11,7,11,12,10,21,11,8,13,19,14,12,15,9,7,28,8,7,5,11,15,10,16,8,16,17,7,13,20,14,19,14,13,11,8,14,18,14,13,9,7,7,3,6,5,7,6,4,4,2
Cypress Hills,8,4,5,7,6,11,6,4,7,1,9,4,3,5,8,8,8,9,9,6,10,4,4,5,8,12,7,5,2,5,5,4,3,6,3,2,7,3,4,5,3,6,4,3,2,16,6,4,2,5,5,4,3,7,6,12,7,10,7,10,6,8,4,6,1,17,4,6,9,4,6,11,5,6,10,25,13,9,26,15,17,14,11,10,8,14,11,6,7,4,4,6,10,9,5,8,7,4,0,0
Ditmars Steinway,0,0,0,1,0,2,1,1,0,0,1,1,1,0,1,6,3,3,1,1,0,1,0,2,2,0,0,0,0,0,0,0,0,0,0,3,1,0,0,0,1,0,1,0,1,1,1,0,1,1,0,2,0,1,1,4,1,1,0,2,0,1,1,3,1,2,1,1,1,0,0,0,1,1,1,3,0,0,0,2,1,0,1,0,0,1,1,2,0,1,0,1,1,2,1,1,0,0,0,0
Dongan Hills,2,1,1,0,1,3,3,1,0,2,1,0,2,0,4,6,1,2,6,1,3,1,4,2,2,1,0,2,0,1,3,2,3,5,2,6,0,2,2,3,3,4,3,3,2,4,4,8,4,5,5,2,3,2,3,7,3,3,1,2,7,3,1,2,2,4,1,0,3,2,2,0,2,1,2,5,2,3,1,3,3,4,3,4,5,2,3,0,3,1,0,0,1,0,0,1,1,0,1,0
Douglaston,6,8,2,4,11,15,6,7,5,7,9,6,9,11,7,24,7,10,12,6,6,11,10,11,7,11,10,13,4,9,10,12,4,8,12,27,5,4,6,5,8,6,11,3,6,21,17,15,6,11,17,12,14,16,14,44,21,24,25,21,22,13,17,20,18,36,16,11,13,12,14,19,14,24,15,33,12,19,17,16,12,12,13,18,11,13,15,18,14,6,13,9,11,9,11,14,10,7,2,3
Downtown Brooklyn,44,43,46,49,52,148,42,47,52,66,68,52,54,65,95,193,58,63,59,66,53,69,55,70,64,133,66,36,37,38,70,59,50,65,66,224,65,57,58,70,78,65,94,68,70,348,87,89,80,121,129,123,104,137,151,423,144,159,158,123,174,139,142,161,149,464,181,167,168,171,195,180,181,167,221,370,202,180,259,224,219,244,215,219,199,292,298,216,216,194,192,112,125,131,107,106,85,108,81,37
DUMBO,3,2,1,2,4,8,1,6,0,1,2,4,0,5,1,6,4,0,0,4,1,2,2,3,5,5,4,0,0,1,0,2,2,2,3,5,2,1,1,1,3,1,5,3,1,17,4,4,5,6,4,5,3,2,3,19,7,7,3,1,6,10,11,7,3,35,9,5,12,11,7,6,10,9,8,23,10,11,6,10,20,14,16,20,24,31,27,36,29,34,32,19,34,20,21,22,18,14,12,10
Dyker Heights,2,1,0,0,3,2,1,1,0,0,2,2,0,0,2,1,1,1,0,2,0,1,2,2,2,3,2,2,1,1,1,2,2,0,1,4,1,1,0,1,2,2,4,0,1,9,4,1,2,5,3,3,5,3,5,8,5,1,3,2,2,3,2,3,0,6,2,7,6,10,4,7,3,7,11,12,9,3,10,9,9,8,11,10,9,7,13,7,5,2,3,6,6,5,5,3,2,1,2,2
East Elmhurst,11,7,11,10,12,18,6,5,8,8,22,9,14,14,14,23,13,9,9,10,14,14,12,18,24,26,9,6,8,12,13,14,10,6,4,23,10,11,11,10,9,12,9,6,5,46,14,11,13,22,30,20,13,17,20,60,17,22,21,28,25,17,18,20,20,66,18,12,18,15,19,26,22,27,27,59,23,29,33,24,40,37,27,20,29,37,24,21,17,15,11,9,11,10,10,12,6,6,5,4
East Flatbush,32,18,30,36,25,81,28,31,20,29,36,24,28,31,38,97,39,41,34,45,38,40,28,36,34,64,34,28,38,16,32,32,33,24,30,100,30,36,23,29,35,24,47,24,28,137,41,33,29,33,66,39,47,60,77,188,69,95,71,67,82,62,64,51,78,179,62,62,67,63,65,76,81,71,96,134,75,72,79,66,75,76,80,54,59,78,73,49,52,37,43,33,29,26,35,29,30,25,24,8
East Harlem,97,72,105,103,104,243,86,75,81,87,119,97,111,139,179,342,135,121,122,155,124,141,129,120,134,268,112,120,92,82,116,123,115,123,136,358,115,122,129,134,138,108,135,129,143,555,178,185,225,244,276,296,273,318,321,713,264,271,285,307,258,217,263,238,218,615,255,220,222,238,274,276,221,243,320,489,261,286,324,276,319,272,281,215,244,342,278,235,204,184,201,146,141,153,146,132,94,105,84,53
East Morrisania,4,2,0,3,12,5,5,6,6,2,9,14,8,13,12,19,8,8,6,9,5,7,5,11,11,14,7,6,9,7,6,8,7,4,9,18,6,9,5,7,8,6,3,12,6,36,12,10,10,13,16,27,28,26,20,79,24,34,25,23,21,10,15,13,8,34,12,18,20,20,20,17,24,17,18,34,10,13,22,15,19,21,9,10,8,18,6,8,7,5,5,3,9,4,2,2,5,3,1,0
East New York,726,671,891,886,778,1745,733,604,591,683,746,721,783,935,1215,2106,969,906,847,851,781,815,832,828,949,1438,681,551,520,467,725,726,792,789,777,2004,652,632,690,728,803,696,763,717,816,2755,1027,889,996,1109,1346,1234,1289,1443,1490,3548,1394,1466,1589,1544,1541,1333,1364,1378,1433,3561,1438,1334,1278,1402,1634,1543,1442,1538,1730,2807,1619,1536,1736,1581,1627,1569,1501,1531,1434,1931,1745,1335,1109,1061,921,675,697,703,646,620,493,510,384,223
East Village,73,63,64,70,69,293,62,72,57,79,99,83,97,111,121,354,95,100,94,103,86,91,97,100,145,265,73,70,73,60,101,94,110,102,112,392,92,96,112,107,128,94,116,89,118,597,150,149,148,197,230,179,213,240,260,656,225,223,234,224,209,223,191,209,214,698,225,228,214,239,291,261,266,270,308,555,321,309,325,326,314,324,301,340,328,455,362,276,266,268,253,187,202,181,157,158,119,126,95,52
Eastchester,4,1,2,2,6,13,3,8,3,4,3,2,6,4,3,17,1,5,6,8,5,8,4,9,11,9,4,4,1,2,0,2,9,3,9,11,7,2,9,6,7,4,7,5,3,17,11,8,7,8,10,6,20,6,6,20,11,6,8,7,11,12,16,9,11,23,5,9,7,8,8,3,6,10,13,21,9,9,11,9,8,14,7,8,4,5,13,6,6,6,2,3,0,2,2,1,2,1,0,1
Edenwald,0,0,0,2,1,0,0,0,0,0,0,1,0,0,0,4,0,0,2,0,2,0,1,1,0,1,0,0,0,0,1,0,1,0,1,1,5,2,1,0,2,1,2,2,3,2,2,2,4,2,1,1,2,2,2,2,2,0,1,1,1,2,1,1,0,3,1,4,2,3,2,2,0,1,5,3,5,3,2,2,2,5,7,3,2,1,1,1,1,1,0,0,0,0,0,0,0,1,1,0
Edgemere,2,2,1,0,3,4,1,1,1,1,0,1,2,2,3,10,2,4,4,6,4,3,3,11,4,3,0,1,0,0,0,0,1,0,1,4,3,4,1,2,6,6,2,3,2,11,0,2,3,4,3,2,3,3,2,7,4,6,2,3,2,2,1,3,4,8,2,4,6,3,6,2,6,5,5,3,10,4,2,2,3,2,2,3,1,4,4,2,1,1,0,1,1,0,2,0,0,0,0,0
Ellis Island,23,19,22,18,21,48,13,21,12,17,18,14,12,14,31,51,19,15,20,14,29,20,18,19,21,40,25,13,24,14,25,10,12,15,10,45,13,14,11,31,10,13,14,14,14,50,10,18,17,21,21,21,15,23,16,51,18,20,15,18,21,31,25,20,22,77,28,21,22,16,26,46,28,24,26,76,41,41,51,45,38,43,45,42,41,51,56,31,34,24,15,11,8,12,9,12,9,7,3,1
Elmhurst,14,12,15,12,17,34,20,7,8,14,31,12,20,25,25,36,19,17,16,15,20,20,21,28,37,38,14,11,17,16,17,21,15,11,11,38,12,18,24,20,20,19,16,12,13,91,32,27,27,46,51,36,33,40,39,111,44,47,51,50,49,40,38,50,37,134,47,35,47,47,48,58,54,56,82,112,54,76,76,57,79,85,58,64,63,66,57,42,34,28,25,15,19,19,23,23,11,16,10,7
Eltingville,0,1,0,1,0,2,2,1,0,2,2,2,2,1,2,3,2,2,0,1,0,0,0,2,2,1,0,0,0,0,2,1,1,0,2,3,2,3,0,2,2,1,1,2,1,3,2,1,2,7,3,3,2,2,2,6,4,3,4,3,4,1,2,2,1,7,2,2,1,2,0,2,4,0,2,8,6,1,2,3,3,3,5,3,1,4,5,4,2,0,1,1,1,0,1,3,1,0,2,0
Emerson Hill,5,3,5,6,3,9,3,0,1,2,1,2,3,4,4,6,5,4,3,5,2,3,8,3,6,11,6,3,2,2,3,0,1,3,3,2,4,4,4,1,2,1,3,1,0,6,4,3,1,5,2,3,1,3,3,6,4,3,4,2,4,2,1,2,3,6,2,3,3,0,1,1,4,3,2,1,3,2,0,0,3,1,2,3,0,3,3,1,3,2,2,1,0,0,1,0,1,2,0,0
Far Rockaway,17,18,26,22,24,45,15,16,12,21,28,24,25,28,33,63,33,39,26,32,27,31,29,42,38,51,22,19,23,11,25,21,21,25,24,44,24,22,22,23,18,23,21,26,14,65,20,19,23,29,28,22,24,35,31,81,29,34,51,36,35,53,28,40,38,77,25,47,35,46,39,48,40,41,37,76,50,46,48,38,46,57,40,42,35,39,62,45,39,26,40,16,21,14,18,22,16,20,18,8
Ferry Point Park,15,22,16,10,18,36,17,13,14,24,24,14,16,18,32,47,19,22,23,16,19,16,18,21,25,33,11,13,11,12,17,17,19,12,19,43,14,16,17,15,14,16,13,12,10,38,23,15,24,17,14,20,21,11,21,42,13,12,16,14,17,23,17,20,17,55,20,14,20,18,19,31,23,22,13,53,20,20,23,23,32,29,26,27,22,25,46,27,27,14,19,10,9,17,17,12,14,18,10,6
Fieldston,3,3,3,1,7,9,2,2,4,4,1,3,3,5,2,10,4,4,3,3,2,2,5,6,7,4,1,5,1,0,4,1,4,1,4,5,2,1,6,3,5,2,3,0,3,12,4,3,9,4,7,5,12,10,8,21,7,5,5,8,5,1,5,3,3,8,3,4,4,3,7,3,7,2,3,9,8,5,4,4,7,6,3,6,4,7,9,11,11,6,6,5,6,3,4,7,2,3,2,1
Financial District,76,75,69,75,97,203,100,96,88,113,127,130,124,161,225,266,161,185,184,151,107,98,121,124,97,121,77,63,59,51,97,105,104,93,98,232,93,79,87,82,91,90,94,110,110,347,127,105,117,124,197,162,169,180,239,557,220,208,254,249,322,228,246,278,236,536,258,239,248,256,260,266,226,251,256,406,251,246,271,247,260,235,241,229,218,230,283,215,171,134,169,124,147,142,145,119,85,99,73,39
Flatbush,39,28,49,51,43,124,38,50,41,53,54,39,45,59,73,155,56,61,54,65,57,58,45,53,54,113,67,45,56,30,53,50,57,39,50,174,50,60,41,41,60,43,86,45,55,225,60,61,51,66,100,71,70,95,124,312,115,147,112,99,116,90,106,94,137,300,114,105,119,117,125,150,149,144,180,273,181,158,167,136,135,144,210,113,124,142,133,89,96,69,77,60,48,54,57,48,45,45,33,14
Flatiron District,6,4,3,4,3,17,2,4,5,5,11,5,3,4,10,25,1,4,5,2,1,3,3,2,8,9,1,1,2,1,4,5,2,2,3,22,1,1,3,0,4,3,4,4,4,24,7,6,8,4,5,13,5,5,7,28,2,4,7,3,9,12,8,5,5,44,14,10,11,8,19,18,26,26,27,43,21,23,24,31,38,23,29,41,30,39,28,21,15,20,17,13,17,15,16,22,13,14,9,6
Flatlands,7,6,4,7,7,10,3,3,3,4,3,7,4,5,3,17,8,7,5,2,2,4,1,6,5,11,3,3,1,0,6,3,5,4,9,17,5,10,6,7,7,8,13,9,16,36,15,14,14,11,21,14,19,9,14,37,17,18,12,25,19,10,10,12,10,36,6,7,8,12,11,17,12,11,16,27,23,14,11,14,14,15,16,14,12,11,8,9,7,4,7,2,1,4,5,6,2,0,4,2
Floral Park,13,9,10,7,4,20,10,4,5,7,15,6,10,12,20,32,13,12,15,10,9,9,10,14,12,22,9,7,4,3,8,11,8,5,8,29,7,9,7,7,1,12,4,6,10,30,13,17,7,13,12,9,8,10,18,46,15,14,14,21,12,23,15,17,18,45,20,17,10,12,24,18,20,16,22,33,22,21,19,19,18,18,17,14,19,30,14,21,20,12,14,17,9,6,7,9,5,5,4,1
Floyd Bennett Field,2,2,3,1,1,18,3,4,3,1,5,6,6,9,12,25,29,16,26,31,21,20,19,28,19,23,25,13,8,11,18,18,14,13,9,20,10,10,7,7,9,10,7,8,7,17,6,5,8,10,14,8,7,7,8,16,9,16,6,6,7,4,4,2,8,15,5,10,7,3,7,3,1,6,4,12,6,6,4,6,5,5,6,12,8,8,8,7,8,7,6,4,2,1,1,1,3,2,1,0
Flushing,72,46,73,67,72,155,71,73,68,91,96,76,81,90,107,233,107,98,119,138,102,109,115,110,287,185,87,81,48,32,83,97,94,78,93,213,99,69,79,76,87,72,98,87,81,318,112,109,113,307,191,125,108,148,148,355,133,140,183,159,181,152,133,162,126,375,129,130,131,142,153,177,162,168,173,306,172,172,182,183,204,199,151,139,134,208,176,137,92,103,104,68,65,87,84,75,58,100,48,25
Flushing Meadows Corona Park,5,5,8,2,2,17,1,6,2,8,10,5,6,10,7,27,5,7,4,12,5,7,10,12,70,19,12,6,5,2,5,9,10,4,7,16,11,5,10,4,4,7,7,7,3,34,9,8,10,98,13,12,15,10,9,30,10,12,12,10,12,15,8,24,10,42,17,15,12,18,17,22,8,16,19,25,17,22,23,23,26,29,24,18,14,21,33,20,18,21,21,8,9,16,7,7,6,33,4,4
Fordham,48,40,56,57,56,85,46,57,53,62,65,72,56,72,86,139,77,72,81,82,77,56,66,79,78,95,66,64,51,43,61,85,64,62,78,154,73,62,52,50,61,53,60,41,52,174,65,72,54,79,81,88,79,80,87,204,81,82,74,91,89,59,94,86,71,186,63,80,86,89,98,100,81,73,93,146,88,76,106,101,95,91,85,78,79,102,79,68,42,44,48,32,29,40,42,33,25,24,16,6
Forest Hills,27,12,23,41,22,55,23,20,15,29,35,25,35,44,49,82,46,41,38,53,51,44,53,57,67,89,31,41,29,23,45,41,47,40,41,94,53,29,44,33,58,49,49,31,36,140,61,62,57,60,109,94,84,109,111,223,138,144,132,107,85,79,79,81,53,138,53,64,54,75,67,84,56,67,100,139,84,64,100,92,76,74,70,52,46,72,82,44,38,30,32,22,15,16,28,21,18,21,13,2
Forest Park,52,44,39,55,44,104,40,31,24,41,50,46,46,60,79,117,66,49,48,63,61,51,58,74,83,96,42,47,31,24,49,36,44,40,34,122,53,35,43,41,51,49,56,41,41,169,77,58,47,79,86,70,74,88,77,214,85,89,86,66,76,87,71,76,61,175,54,64,70,74,70,80,65,77,105,139,92,71,89,87,92,77,84,66,69,111,86,70,59,65,57,48,34,29,41,36,31,39,24,10
Fort Greene,15,10,13,8,18,46,9,10,8,13,22,12,11,18,23,50,15,15,18,20,22,18,14,18,29,54,30,26,33,23,25,19,20,18,30,74,23,18,27,28,26,29,35,31,26,99,23,23,25,34,35,45,38,53,52,124,41,45,59,45,52,48,39,56,33,127,39,50,46,49,55,57,45,50,61,116,54,49,65,50,73,61,60,80,54,106,81,61,53,48,66,47,42,55,42,37,35,31,27,16
Fort Hamilton,24,21,35,24,26,50,23,25,24,31,27,24,19,25,34,35,35,25,27,26,32,27,25,25,25,30,25,21,22,19,21,20,16,11,9,37,23,12,16,15,14,13,23,14,14,41,13,18,21,25,22,18,18,20,21,40,12,18,17,12,24,20,19,14,16,34,9,20,9,12,11,11,17,15,12,32,17,12,15,16,23,12,16,15,14,16,29,16,8,11,14,11,7,9,8,6,4,4,4,1
Fort Wadsworth,4,2,5,2,4,9,4,2,0,4,4,3,1,3,6,12,6,9,8,4,7,5,4,3,3,9,6,2,5,4,8,3,3,1,1,10,3,4,4,6,9,9,6,4,2,11,2,4,6,4,5,5,4,4,5,13,5,8,2,4,6,8,3,3,2,9,6,4,7,4,3,4,1,6,7,4,3,5,2,4,4,2,2,4,2,8,6,2,3,4,3,0,2,1,1,0,0,1,0,0
Fresh Meadows,3,4,4,4,3,10,0,2,2,8,5,3,6,6,6,17,4,6,4,5,6,4,5,14,13,12,5,6,4,5,6,8,14,13,10,26,11,7,12,8,15,9,8,6,5,31,12,15,15,17,17,6,4,19,16,40,15,24,23,16,19,13,16,12,9,21,7,11,14,14,10,13,15,13,13,24,24,18,14,14,11,20,15,21,13,21,16,15,11,11,8,2,6,6,3,6,5,6,4,0
Freshkills Park,0,0,0,0,0,0,0,0,0,0,0,0,0,0,0,0,0,0,0,0,0,0,0,0,0,0,0,0,0,0,0,0,0,0,0,0,1,0,0,0,0,0,0,0,0,0,0,0,0,0,0,0,0,0,0,0,0,0,0,0,0,0,0,0,0,0,0,0,0,0,0,0,0,0,0,0,0,0,0,0,0,0,0,1,0,0,2,1,0,0,0,2,0,1,0,1,0,1,1,1
Gerritsen Beach,1,2,1,0,0,6,1,3,3,3,3,2,0,1,2,4,0,2,2,2,1,0,0,1,2,3,1,0,0,0,2,1,1,1,0,3,1,0,0,2,1,2,1,2,0,4,2,3,2,1,4,3,4,2,2,5,1,2,2,1,3,2,3,2,1,4,1,0,1,2,3,0,1,1,4,5,3,2,4,3,4,3,3,3,0,8,5,2,3,1,0,1,0,2,2,1,1,3,2,0
Glen Oaks,1,3,0,0,2,3,0,0,0,4,3,0,2,1,0,4,0,6,1,2,1,0,1,1,3,7,1,1,0,0,3,4,5,3,3,11,5,4,1,1,1,1,2,1,3,6,1,0,1,4,3,0,4,5,7,16,8,5,9,4,5,7,2,3,2,6,4,2,4,5,7,5,8,4,7,3,0,4,6,4,2,4,4,3,1,1,3,2,1,3,0,0,1,0,0,0,0,1,1,0
Glendale,6,4,5,6,9,14,4,14,10,9,11,11,9,13,18,23,15,11,11,13,6,9,12,15,10,10,7,8,3,6,8,6,4,6,4,16,8,4,4,12,6,2,7,7,15,26,10,10,3,11,9,7,8,6,11,27,9,11,16,13,10,13,5,10,5,26,10,12,6,11,10,15,12,19,18,26,11,11,21,14,5,14,16,13,10,14,10,12,7,10,3,5,5,1,4,3,5,4,1,1
Governors Island,20,13,22,23,17,28,12,12,16,22,13,24,17,20,36,40,32,24,23,20,22,21,16,29,27,22,16,21,11,15,17,12,16,13,9,42,13,15,16,14,10,16,17,9,23,61,24,19,17,21,21,27,28,35,44,51,34,46,33,34,36,43,28,34,25,53,13,31,22,15,28,31,22,31,35,53,34,23,43,50,40,28,38,48,28,41,48,36,32,26,31,23,20,28,26,29,17,34,21,9
Gowanus,5,5,5,8,6,26,6,6,6,12,12,6,7,12,13,44,12,9,20,14,8,15,7,13,26,44,14,10,7,9,9,13,10,7,15,39,16,8,12,11,13,10,11,13,13,54,10,11,7,22,19,18,11,15,20,48,9,18,17,13,15,12,15,19,11,50,13,13,12,17,16,17,25,22,20,33,30,27,30,33,38,26,38,26,30,28,31,21,26,17,28,24,20,25,19,24,12,17,8,6
Gramercy,20,23,24,20,27,64,17,21,14,24,20,22,21,25,31,68,21,26,22,21,20,19,17,15,27,41,20,11,15,15,23,19,18,24,18,57,15,10,20,13,18,20,33,24,11,63,15,20,23,21,29,39,30,27,35,72,26,29,34,24,36,36,26,29,27,85,30,25,34,29,45,35,36,50,62,83,52,37,61,64,59,41,42,48,41,78,53,37,51,34,43,42,45,41,34,43,23,23,19,14
Graniteville,0,0,1,0,0,2,0,1,1,0,0,0,0,0,0,2,0,2,0,1,0,0,3,1,0,0,0,0,0,0,1,0,1,0,0,0,0,1,0,1,0,0,0,0,0,1,0,0,2,1,0,1,0,1,1,2,1,0,1,2,1,0,0,0,0,1,1,2,0,2,1,0,0,0,0,1,1,1,1,1,0,1,1,1,2,1,0,1,0,0,1,1,1,0,0,0,0,0,0,0
Grant City,116,105,157,148,144,222,136,106,123,145,132,122,146,153,179,304,194,186,190,208,173,162,182,174,201,216,138,119,133,108,174,194,176,164,166,307,128,137,134,174,154,162,162,173,190,415,198,161,172,224,278,256,269,305,333,646,328,296,304,337,381,286,296,283,258,549,283,242,209,217,210,227,203,214,240,399,230,203,244,243,307,237,193,174,205,218,261,222,160,155,125,108,78,84,106,80,70,66,40,19
Gravesend,8,9,9,7,12,23,11,8,8,11,6,8,7,6,10,25,8,4,9,9,11,6,7,9,11,10,6,6,3,2,9,10,8,2,10,20,10,4,1,6,5,9,8,5,0,21,9,6,5,8,7,11,10,14,13,28,20,22,17,12,11,15,11,3,8,31,6,24,12,12,13,17,9,13,19,25,14,13,14,10,16,14,13,16,10,16,9,15,12,3,13,7,7,5,9,10,5,8,5,3
Great Kills,10,11,6,10,10,16,6,4,8,10,11,13,6,12,14,36,8,16,13,13,14,6,10,7,12,18,6,6,10,3,14,12,13,18,10,20,13,8,12,10,5,12,9,6,4,38,13,6,6,24,11,12,19,10,17,40,20,19,17,22,23,18,15,16,17,46,11,14,16,10,16,10,14,13,28,43,16,29,21,15,24,13,20,15,15,30,37,20,16,9,10,6,7,8,4,8,4,9,5,2
Great Kills Park,3,7,6,5,7,10,5,3,5,7,6,6,4,7,5,21,5,11,11,8,7,5,7,4,6,12,4,6,10,2,9,9,10,9,7,16,10,6,8,6,4,10,6,2,2,23,9,6,2,17,6,8,10,4,8,24,9,11,8,16,15,6,8,6,9,23,3,7,8,4,10,6,6,7,9,26,9,20,12,5,18,8,12,7,9,14,16,10,10,7,9,4,5,5,4,6,4,5,2,1
Green-Wood Cemetery,8,6,3,4,4,12,4,8,3,7,9,6,4,5,8,16,8,4,9,5,2,5,3,0,6,10,5,6,6,5,8,5,4,3,0,8,2,1,5,5,4,1,2,3,1,15,2,4,6,5,3,9,0,5,11,16,3,3,1,9,1,6,3,5,4,13,2,3,3,4,1,9,8,6,6,11,5,3,4,5,12,4,14,8,11,12,9,10,9,6,12,6,9,4,8,5,7,5,6,3
Greenpoint,16,16,20,15,12,42,17,18,24,25,23,25,20,25,34,62,34,23,21,33,21,33,19,29,37,37,22,11,14,17,14,19,24,21,23,47,23,22,24,17,13,13,13,13,20,87,34,19,18,34,31,26,33,30,42,103,48,57,36,32,34,31,36,25,29,106,51,37,32,41,49,48,42,47,57,94,39,49,38,47,51,85,44,62,44,74,75,64,50,36,56,37,38,57,34,40,36,37,32,9
Greenwich Village,55,47,59,48,58,219,47,52,49,55,77,56,72,76,75,259,65,76,63,73,59,58,65,66,102,193,62,48,56,35,64,66,69,80,73,279,69,66,83,85,91,76,87,100,116,457,162,136,137,164,190,168,169,189,252,482,167,170,205,178,165,163,171,181,171,501,196,210,194,198,234,222,223,179,235,365,219,205,245,242,220,232,203,246,198,243,217,169,164,165,135,121,102,94,72,92,58,58,56,32
Grymes Hill,1,1,0,0,1,4,0,0,0,0,0,0,0,0,0,2,0,3,1,0,1,1,1,0,2,3,1,2,1,2,4,3,7,8,12,9,1,4,2,1,1,1,0,0,0,6,0,1,0,2,1,1,1,1,2,4,3,1,1,3,3,2,2,2,1,0,1,2,1,0,2,0,4,0,2,1,1,0,0,0,0,0,0,0,0,2,2,1,0,0,0,0,0,0,0,0,0,0,0,0
Harlem,149,125,175,167,163,413,126,122,148,149,192,167,176,211,285,560,230,209,210,271,246,271,235,228,243,458,208,212,175,150,198,205,195,213,233,585,211,211,249,263,224,200,243,273,287,984,336,331,396,541,540,533,508,593,587,1284,528,527,505,493,473,365,481,428,421,1121,457,417,438,458,541,512,436,490,655,921,543,592,670,590,596,532,536,464,513,631,561,454,388,326,336,286,229,286,271,235,179,192,143,83
Hart Island,21,15,24,20,23,33,17,16,10,16,17,12,17,15,23,31,33,16,20,17,28,17,25,22,26,37,21,18,17,16,19,23,21,24,14,44,21,17,18,21,20,20,22,23,20,39,25,23,22,17,26,26,26,21,15,50,17,22,23,22,16,18,18,15,9,30,16,26,15,13,23,13,12,15,16,22,19,8,7,11,18,16,8,14,9,14,22,9,13,10,9,1,8,5,3,1,5,5,2,2
Hell's Kitchen,3,3,1,3,2,16,9,5,2,6,13,10,9,8,14,26,9,5,7,11,3,9,8,9,7,19,8,8,5,4,9,5,8,7,5,27,7,7,12,7,7,6,4,7,21,37,10,14,11,12,19,12,15,16,14,44,11,12,16,23,15,22,27,20,16,67,12,18,15,18,24,24,26,21,20,48,31,19,27,26,23,19,21,34,22,46,34,25,24,28,26,15,28,25,19,17,12,31,11,9
Highbridge,2,6,3,4,9,6,4,3,6,8,5,3,4,7,8,11,8,6,5,12,2,5,3,1,4,11,3,3,2,1,5,4,7,1,5,6,3,4,6,7,5,6,10,12,5,18,8,5,5,6,11,5,14,8,14,23,9,10,8,7,4,3,8,4,4,20,3,8,6,9,6,17,8,10,10,25,14,9,12,13,17,14,17,6,14,15,15,8,8,4,11,5,3,4,5,3,4,5,4,1
Hoffman Island,14,14,15,17,15,33,16,8,5,8,9,12,11,13,23,25,25,14,9,14,15,12,5,10,9,16,7,9,7,4,8,4,2,5,4,17,12,5,5,6,10,12,8,7,3,29,7,12,9,9,16,11,13,14,18,36,20,16,20,14,29,14,11,13,19,31,10,12,8,9,19,14,9,17,20,21,23,17,29,20,23,17,13,19,19,28,46,20,7,5,5,4,4,0,5,4,5,5,3,2
Hollis,3,1,9,7,7,16,3,10,7,12,10,15,12,9,14,18,14,14,11,13,11,14,12,17,5,15,5,13,5,6,5,13,10,12,7,24,9,8,6,7,7,12,10,4,15,33,19,17,11,23,16,21,15,18,22,59,25,21,18,18,14,12,19,22,22,36,14,7,19,21,17,24,21,19,15,25,10,12,15,11,11,8,13,13,13,16,17,12,9,4,6,4,4,2,4,6,1,2,3,1
Hollis Hills,0,0,2,0,2,2,1,2,0,4,6,6,3,2,5,5,4,5,5,5,4,5,5,3,2,6,2,2,0,0,0,2,2,2,1,9,6,1,4,2,2,4,2,0,4,6,6,4,0,7,5,5,3,6,5,19,7,5,2,3,2,2,5,3,3,4,3,3,3,4,2,5,2,4,2,5,2,2,4,1,1,2,1,1,1,5,6,3,2,0,1,2,1,0,0,0,0,0,0,0
Holliswood,0,0,0,0,1,0,0,0,0,0,0,3,0,2,3,1,2,1,1,0,0,0,2,1,2,2,1,0,0,0,1,3,1,2,0,2,0,1,0,1,1,0,2,0,1,4,1,2,0,3,3,2,1,4,3,3,4,4,4,1,4,4,3,4,5,10,4,4,4,10,3,4,3,6,2,2,4,3,5,1,1,0,3,4,2,5,1,2,0,0,0,1,0,0,1,0,0,0,0,0
Howard Beach,21,11,18,11,16,26,8,14,11,11,20,19,15,18,21,49,37,22,21,21,26,17,23,26,26,43,13,17,16,12,16,29,17,23,16,57,19,15,13,25,26,24,28,22,24,92,32,31,26,37,38,32,39,39,54,116,48,50,44,37,36,55,51,56,39,117,48,43,55,62,91,199,80,86,95,99,63,63,61,54,55,36,40,36,31,47,63,41,44,19,27,16,11,7,11,10,8,12,12,1
Howland Hook,0,0,2,0,0,1,0,0,0,1,1,0,0,5,0,1,0,1,0,0,1,0,2,1,0,2,0,0,0,0,0,1,0,1,0,5,0,0,2,1,0,0,1,1,0,9,4,2,0,3,0,2,1,1,3,6,5,1,1,2,5,1,0,2,2,4,1,3,4,3,4,9,4,2,1,2,5,5,0,2,2,3,4,0,4,7,6,1,4,6,3,0,1,0,1,1,1,1,0,0
Huguenot,5,3,6,4,4,11,2,4,8,10,5,6,3,3,4,11,5,4,4,5,3,5,3,9,5,5,2,2,2,0,1,2,3,2,2,4,3,3,2,3,5,2,3,2,3,8,10,4,5,10,8,6,3,3,2,11,4,2,3,3,10,4,5,3,5,8,0,3,1,1,5,5,7,4,4,12,6,3,2,1,2,2,3,5,2,6,8,4,3,1,0,0,0,0,1,0,0,0,0,0
Hunts Point,4,9,12,7,15,15,9,6,6,5,9,7,7,9,20,29,12,13,12,16,13,10,13,10,12,14,8,4,5,2,7,11,6,11,7,38,11,11,13,9,15,8,13,19,15,80,19,21,10,23,35,36,50,35,44,116,30,36,35,48,35,33,41,41,39,94,32,36,45,22,47,40,37,47,39,71,39,38,32,40,51,41,46,44,29,51,38,35,27,17,24,11,12,20,18,14,11,14,13,4
Inwood,12,10,15,9,5,33,5,9,10,22,17,6,17,18,17,42,18,15,11,15,14,16,18,23,19,25,2,11,8,4,5,11,9,9,9,34,9,7,16,7,13,11,10,9,9,55,19,8,17,12,26,11,19,19,19,58,27,33,22,27,21,35,27,32,32,82,30,30,21,37,29,39,29,42,27,57,31,31,45,37,51,56,37,30,38,54,57,36,32,43,33,20,22,25,24,19,14,17,8,3
Jackson Heights,22,21,34,15,23,54,13,26,30,34,48,22,26,31,45,77,38,38,42,54,51,26,44,43,57,59,38,36,32,24,26,39,38,34,22,76,30,19,35,38,29,19,27,20,29,121,33,25,34,52,55,35,42,51,56,162,57,55,58,55,56,39,51,63,45,187,47,62,45,50,80,82,59,75,94,182,91,81,101,96,74,87,64,80,54,100,95,53,50,49,49,33,38,36,36,35,17,23,13,9
Jamaica,72,61,84,86,84,166,83,80,71,108,128,85,120,116,170,228,140,124,124,139,106,122,108,113,142,177,86,80,77,56,85,99,87,80,93,211,83,65,89,102,102,83,86,84,93,333,92,127,111,140,174,142,144,201,210,412,191,210,220,197,180,161,168,165,172,364,157,160,149,165,202,224,169,220,189,322,187,188,192,173,206,175,167,159,136,207,187,182,131,114,114,101,75,57,70,68,40,50,35,12
Jamaica Bay,31,25,22,24,26,50,22,23,20,27,40,26,28,33,41,77,45,36,36,47,39,38,39,41,52,58,28,30,28,22,33,35,24,22,26,61,20,20,23,23,32,26,29,21,25,78,29,33,31,42,44,19,39,43,49,86,40,61,49,53,41,31,30,25,33,72,27,45,32,33,42,44,22,38,28,59,43,36,36,26,41,31,32,34,25,35,33,31,20,19,16,17,14,14,15,13,13,20,9,5
Jamaica Estates,3,0,3,3,5,8,3,2,6,7,5,5,11,8,7,20,7,9,7,4,6,9,8,6,9,9,3,11,2,3,3,4,6,8,5,16,4,2,4,9,3,4,1,6,4,19,9,10,9,8,9,10,6,14,15,25,18,7,8,17,12,9,7,11,14,22,12,7,10,14,9,12,9,7,8,17,7,7,9,8,6,12,8,7,5,7,5,6,3,4,4,2,4,3,0,2,2,4,0,1
Jamaica Hills,14,4,10,8,10,25,6,12,9,15,21,11,17,16,25,36,17,14,22,17,19,20,28,16,25,25,10,15,10,7,12,11,8,9,6,25,11,7,10,15,11,13,14,14,6,52,15,17,12,16,22,20,22,28,34,68,29,27,26,22,26,18,17,24,11,47,13,19,21,18,19,25,14,18,16,38,18,16,31,22,23,21,19,15,10,17,24,15,13,10,9,13,7,1,5,7,5,5,2,1
Kensington,4,3,5,9,6,9,0,1,1,1,5,5,1,2,3,10,2,0,2,3,1,3,4,6,9,10,4,5,3,1,2,2,4,3,1,6,3,2,2,3,1,5,3,3,5,23,2,5,2,10,8,5,6,7,2,24,7,2,6,6,10,11,7,5,7,33,10,8,9,7,9,13,12,11,14,27,18,9,10,13,13,13,7,4,10,12,13,15,6,5,13,6,5,7,9,9,5,7,5,2
Kew Gardens,8,5,8,7,7,21,5,12,8,13,10,11,12,12,16,43,17,22,8,17,17,20,20,23,29,33,15,12,8,2,14,23,18,18,15,41,19,15,17,20,18,17,21,23,19,58,25,21,38,69,78,26,28,54,45,103,45,40,51,36,38,24,25,42,30,75,38,37,23,39,29,48,41,32,38,50,26,25,28,13,32,37,20,29,21,38,32,25,18,10,13,6,8,3,9,10,3,5,9,3
Kew Gardens Hills,3,1,1,2,1,8,0,4,4,4,5,5,6,5,7,18,8,7,4,5,5,12,10,9,17,14,5,7,5,2,5,7,5,9,3,16,5,4,5,4,7,7,7,8,7,28,9,5,11,18,37,12,13,19,16,51,17,12,18,14,16,8,8,15,5,34,14,16,8,13,8,12,10,12,16,23,12,13,10,6,8,17,10,11,4,12,14,11,3,4,8,3,1,0,2,2,1,3,4,0
Kingsbridge,4,4,9,8,12,22,4,3,8,7,11,7,5,8,12,24,10,15,12,11,5,5,9,9,11,15,5,10,4,3,9,13,13,3,5,27,7,1,10,9,9,6,7,5,3,42,17,8,3,10,8,10,17,20,16,51,11,21,14,16,11,17,13,12,20,38,19,21,21,26,20,26,25,19,28,37,14,22,26,27,12,22,19,22,21,26,23,13,17,9,13,8,10,10,11,4,2,7,7,4
Kips Bay,2,0,5,3,2,10,6,0,3,1,0,3,4,4,5,9,5,5,4,7,4,4,5,5,8,8,6,6,3,3,3,5,9,4,15,12,6,4,9,6,5,5,12,3,10,28,9,8,13,11,16,5,13,6,8,14,6,5,11,8,8,9,3,9,12,15,11,4,6,10,5,3,5,5,6,10,7,7,4,6,2,5,5,5,5,7,10,5,14,8,6,4,7,10,8,10,10,7,4,2
Latourette Park,0,1,0,0,0,1,1,0,1,1,0,1,1,0,0,2,0,1,0,0,1,0,0,0,1,0,0,0,0,0,0,0,2,0,0,0,0,0,1,0,1,2,1,1,0,3,1,1,1,1,1,3,0,2,0,5,0,0,0,0,0,2,4,0,0,2,2,0,1,0,1,0,1,0,1,4,0,1,1,2,1,0,2,1,0,0,0,1,0,0,1,0,0,0,0,0,0,0,0,0
Laurelton,3,1,5,5,3,10,5,2,2,6,7,7,8,9,9,15,7,7,5,8,7,5,6,6,10,18,8,1,1,3,1,8,4,6,4,16,8,3,9,3,4,6,6,8,5,21,6,6,4,5,6,6,4,11,12,32,15,14,12,12,11,10,8,7,11,21,8,5,8,8,15,11,5,4,11,15,14,7,13,10,10,11,12,8,10,10,6,3,3,7,3,3,3,3,1,1,2,2,1,0
Liberty Island,38,42,54,59,52,94,42,41,25,51,43,40,41,44,60,94,48,37,37,34,38,40,29,54,51,66,35,32,25,24,39,29,30,24,23,76,30,20,25,26,33,28,39,27,28,102,34,34,37,44,49,55,45,50,41,111,36,45,44,45,50,76,47,42,41,112,54,38,39,51,43,89,51,49,47,94,55,77,72,50,63,58,60,57,48,67,138,63,53,62,51,27,19,29,28,20,23,30,17,4
Lighthouse Hill,1,3,1,2,2,8,3,0,0,3,0,2,2,1,6,11,2,0,0,0,2,2,1,2,3,4,2,3,3,3,2,5,4,2,5,11,5,2,1,3,1,4,2,3,4,5,2,3,2,4,2,0,2,1,2,6,5,4,3,2,4,0,2,4,0,3,1,2,4,2,3,1,0,0,1,5,6,2,1,1,1,2,2,2,1,2,4,5,4,1,2,2,1,1,0,0,0,0,0,0
Little Italy,34,30,40,34,33,115,30,44,33,41,45,33,26,40,48,118,53,52,59,33,38,37,42,44,55,102,31,37,39,27,45,48,41,44,33,124,32,33,29,34,33,35,40,33,52,156,43,50,46,54,71,35,62,71,70,165,77,78,95,75,77,74,61,63,68,169,61,68,72,61,67,65,57,75,73,138,75,80,71,76,71,80,69,88,84,132,98,57,55,45,49,28,32,27,21,31,17,12,19,6
Little Neck,21,27,22,21,24,55,19,19,21,29,22,20,15,15,35,81,28,24,25,23,25,32,40,34,40,59,25,30,23,15,25,27,30,20,19,96,19,31,29,36,27,32,26,35,44,121,49,36,36,59,63,48,52,54,67,160,68,83,84,67,68,70,74,63,59,171,61,54,50,72,68,80,75,80,90,156,79,87,102,73,84,83,75,77,71,97,84,58,49,56,38,26,37,30,32,28,19,36,25,10
Long Island City,249,239,291,281,264,651,256,247,252,329,327,261,291,337,437,866,379,343,357,377,338,370,340,373,451,629,283,244,210,195,306,320,331,316,299,988,307,272,317,321,334,311,354,301,336,1297,411,430,425,559,648,541,534,632,695,1701,633,675,705,684,753,722,638,684,726,1798,741,725,714,746,807,828,747,780,919,1513,812,827,997,879,946,920,865,794,789,1052,1102,766,641,596,604,411,392,413,426,387,298,359,263,139
Longwood,3,1,4,5,10,6,1,3,0,2,2,3,4,3,3,7,5,5,0,6,2,2,1,3,5,8,2,0,2,0,2,2,2,1,2,10,2,4,2,2,6,1,1,0,2,19,0,4,6,3,5,3,10,8,10,23,3,3,3,5,4,7,9,6,4,28,8,4,3,3,9,12,13,6,6,19,4,5,7,9,10,10,9,10,7,5,2,3,4,4,4,2,1,1,2,3,4,3,2,2
Lower East Side,99,113,99,102,92,369,89,96,99,120,126,116,147,158,205,479,158,135,144,177,159,166,138,147,169,308,113,101,85,80,112,111,141,127,141,473,124,119,132,122,151,134,151,127,151,681,239,198,192,239,309,278,274,308,328,827,272,277,311,301,335,243,283,269,299,853,301,307,282,331,376,339,341,317,385,679,369,328,392,319,377,348,356,329,316,429,395,312,278,247,228,189,162,193,172,156,130,119,100,59
Manhattan Beach,56,48,47,44,67,142,59,52,54,75,83,56,63,74,91,214,87,76,77,101,70,73,68,77,92,156,57,57,49,41,57,68,65,68,65,188,51,65,72,60,68,70,77,61,68,264,89,90,77,116,116,92,89,101,133,319,115,119,109,122,117,121,122,111,125,345,138,127,130,145,163,205,144,142,152,278,149,163,170,149,149,146,158,155,129,196,225,157,129,105,98,77,61,73,78,62,42,73,52,20
Marble Hill,19,14,13,16,18,50,14,9,17,15,19,12,16,21,30,51,14,12,11,9,12,8,12,20,13,21,10,10,8,6,14,12,10,9,14,37,12,6,11,9,12,9,7,7,9,41,7,11,12,18,17,20,26,13,12,39,15,19,19,12,19,13,8,6,12,45,13,15,17,12,17,14,15,14,14,27,12,12,17,16,10,16,17,21,24,26,17,18,8,13,10,3,9,13,8,6,6,4,3,1
Marine Park,27,32,28,22,30,71,26,20,17,33,22,24,17,31,37,86,44,48,40,58,39,39,40,53,66,75,42,43,33,35,51,43,48,39,35,85,37,37,33,36,41,50,39,50,38,104,54,53,41,51,65,53,53,49,54,98,50,53,54,48,51,56,41,35,42,111,37,38,46,45,43,43,51,49,60,70,57,53,46,40,69,52,55,39,29,57,61,44,32,40,29,16,19,20,14,16,10,19,9,4
Mariners Harbor,4,1,0,2,2,4,0,0,1,1,0,0,1,3,3,8,3,1,1,1,2,1,4,9,5,3,1,0,1,1,2,2,1,2,2,1,1,3,4,2,8,5,2,4,1,3,5,4,3,1,2,4,1,1,1,2,1,2,0,0,2,4,3,2,4,5,1,2,4,3,5,3,4,8,5,6,1,7,3,8,7,4,5,6,4,4,1,1,1,2,8,2,1,1,0,0,0,0,1,0
Maspeth,6,8,8,7,5,19,7,6,4,9,7,4,11,12,15,26,17,5,8,12,11,11,14,13,19,22,7,11,7,3,7,10,14,14,6,22,11,10,2,8,7,9,11,3,12,34,9,7,13,15,22,14,8,27,28,48,21,27,24,22,16,17,17,23,14,45,8,19,17,18,16,32,22,30,29,46,22,31,32,21,29,33,23,25,16,23,19,12,16,13,7,7,9,4,9,4,5,4,3,1
Melrose,6,6,5,6,8,8,3,5,1,2,0,3,4,7,6,10,4,6,9,7,7,6,5,3,7,11,3,1,2,5,4,7,3,5,6,15,2,3,6,3,9,5,3,4,2,19,4,3,3,4,7,7,17,8,15,41,12,14,7,10,11,3,14,16,9,36,14,9,10,11,15,17,17,16,21,32,15,18,20,23,16,18,11,15,17,18,11,11,13,12,8,9,9,14,6,3,6,6,2,1
Middle Village,40,25,34,23,30,130,25,27,22,34,35,35,36,42,61,143,39,30,41,43,36,38,36,55,52,115,37,39,27,26,45,37,53,48,50,182,51,38,39,55,72,48,59,53,56,282,88,57,67,108,107,87,91,127,143,346,119,103,152,131,122,111,114,100,95,328,109,107,96,108,139,121,116,101,142,240,133,131,143,137,136,128,137,135,146,183,163,104,106,104,84,72,83,58,63,78,42,51,43,21
Midland Beach,3,1,3,2,1,4,1,1,0,3,2,1,0,3,2,6,4,1,1,4,1,3,3,0,2,4,1,0,1,0,3,3,0,3,6,4,4,4,3,2,3,3,6,2,2,5,4,2,3,4,2,3,2,3,4,5,4,3,2,2,2,3,7,3,2,7,1,4,2,2,3,2,7,6,1,3,4,4,0,0,3,3,4,1,2,5,5,5,3,1,6,4,0,0,2,1,1,3,4,2
Midtown,77,91,73,62,79,311,56,54,68,101,127,105,133,121,195,408,133,130,125,132,117,128,134,130,196,262,130,93,82,69,121,150,152,124,116,456,117,116,125,125,136,130,134,138,147,677,228,170,188,215,260,236,251,305,298,854,328,344,358,348,392,339,348,350,363,1084,412,462,322,411,443,430,460,421,447,849,412,398,465,457,485,463,437,420,361,532,522,357,319,333,281,175,210,227,208,225,171,210,141,79
Midwood,4,5,5,5,6,16,2,4,4,9,10,8,5,6,7,30,6,7,7,11,11,10,7,6,10,25,15,5,8,8,13,6,9,6,10,32,6,7,6,8,12,9,6,13,10,37,6,8,7,10,19,16,17,25,26,50,27,23,19,26,25,25,18,25,27,54,26,27,24,19,33,21,21,29,30,45,32,33,32,29,27,32,32,20,30,32,33,24,26,16,21,15,16,14,15,16,6,13,11,6
Mill Basin,4,3,6,2,3,12,3,1,1,2,6,1,1,3,7,9,5,6,3,4,2,5,6,8,7,9,5,1,4,2,3,3,4,2,3,7,4,4,2,7,11,5,5,6,5,27,9,10,8,9,8,7,14,12,11,29,14,4,17,11,16,9,10,10,5,15,10,12,14,15,10,11,10,8,12,27,8,12,14,5,13,8,11,8,7,18,14,7,5,4,2,4,4,4,2,0,1,3,1,0
Morningside Heights,6,5,5,4,8,25,5,7,6,8,16,11,11,14,11,33,10,7,10,9,10,14,12,13,13,19,15,8,12,8,14,10,15,14,16,34,11,8,11,18,22,16,24,19,18,71,18,18,16,14,25,28,23,54,31,49,20,20,17,19,22,18,14,24,30,51,19,19,19,19,15,19,15,19,23,44,19,28,29,32,35,32,41,39,21,34,27,20,29,25,26,16,16,22,10,13,11,10,7,7
Morris Heights,15,13,28,23,25,40,11,6,13,16,17,20,11,17,22,48,28,14,24,25,24,19,19,25,24,36,16,12,9,14,16,15,9,11,17,35,13,6,10,12,15,9,13,12,11,57,15,19,13,16,32,13,26,31,20,60,25,32,23,28,25,19,23,23,23,69,28,21,27,25,22,30,19,32,39,55,25,26,36,35,40,31,24,21,21,38,31,17,22,14,18,11,8,14,10,9,12,9,4,1
Morris Park,95,73,159,148,124,180,105,62,50,65,76,79,66,80,114,181,95,75,106,109,89,94,77,104,101,134,53,61,47,42,67,57,50,39,48,134,51,30,57,53,51,51,52,53,53,183,69,95,76,92,103,80,89,87,81,192,83,75,74,68,82,74,62,76,83,156,68,71,49,63,71,40,55,82,79,121,62,57,71,66,69,63,59,47,58,81,69,49,47,38,36,19,15,22,15,11,18,11,10,7
Morrisania,5,3,1,5,14,17,7,9,6,5,14,16,12,18,22,28,11,13,14,13,8,13,9,12,13,18,7,9,13,9,8,9,10,6,15,27,11,9,7,12,13,9,10,15,10,55,21,18,13,22,26,36,39,39,31,112,40,47,35,37,33,23,24,23,17,49,20,25,31,34,34,37,38,34,27,47,22,21,36,24,28,27,15,17,12,25,13,17,15,14,9,3,12,6,8,4,8,3,1,1
Mott Haven,4,4,3,2,6,14,3,4,6,4,4,0,2,1,2,22,5,6,6,9,4,5,6,5,13,20,6,6,5,6,10,10,7,8,6,31,9,6,6,6,9,5,6,8,9,40,13,15,10,7,19,15,24,25,19,69,22,22,18,15,18,8,23,17,15,63,16,8,14,8,31,38,24,20,41,53,36,34,32,43,32,27,25,14,17,27,18,15,16,13,21,11,11,12,13,14,11,10,4,2
Mount Eden,2,2,3,3,8,6,4,0,0,2,2,2,2,4,6,6,4,0,3,2,3,3,5,1,1,8,2,0,2,0,2,2,2,1,1,7,6,3,3,3,4,2,2,4,0,6,1,5,2,3,2,3,9,7,3,10,4,0,2,4,4,3,1,2,2,12,1,3,3,4,4,0,1,3,5,8,8,4,4,7,11,4,2,5,4,6,0,1,3,0,0,1,0,0,3,2,3,1,2,0
Mount Hope,12,16,12,13,22,25,13,10,9,11,13,9,9,11,16,31,29,16,16,17,17,11,20,12,13,23,8,6,11,5,10,8,13,11,14,33,16,11,5,16,12,12,13,15,14,37,21,23,21,23,18,25,28,20,26,63,20,17,39,21,22,27,35,24,17,61,22,22,25,26,26,15,21,22,26,47,28,27,30,26,28,31,28,27,23,34,26,27,21,13,11,5,9,12,9,12,8,12,10,3
Murray Hill,27,35,32,29,24,55,22,16,21,23,25,28,19,32,37,67,27,30,23,25,28,25,32,44,44,42,24,17,18,14,25,20,17,15,20,47,19,18,22,20,30,21,19,20,33,63,29,22,31,26,34,21,33,34,34,74,36,32,30,28,30,23,29,21,15,66,16,25,18,16,39,24,27,36,30,62,30,22,26,24,31,28,24,35,24,47,26,16,18,19,21,19,15,19,23,18,19,10,8,3
Navy Yard,17,12,15,15,17,27,14,16,12,12,15,14,16,17,24,36,24,13,18,29,22,20,11,23,31,39,44,38,26,22,25,11,20,19,13,39,18,15,19,14,12,11,18,14,19,53,30,11,14,26,29,52,30,35,42,70,20,29,25,27,21,32,26,31,25,77,37,29,30,46,50,43,37,39,53,59,44,40,37,35,36,58,22,45,31,47,38,39,31,29,24,15,23,28,18,26,18,14,9,8
Neponsit,0,3,0,0,3,5,0,1,1,2,3,2,1,1,2,9,1,1,2,4,2,6,7,7,7,7,4,6,3,4,6,6,3,2,5,10,5,5,4,6,8,11,6,1,2,5,4,0,3,3,2,3,2,2,2,5,0,5,1,1,4,2,0,2,0,2,0,0,1,1,0,0,4,1,0,0,1,2,2,0,0,1,0,4,2,2,1,5,1,2,1,0,1,0,1,0,0,0,0,0
New Brighton,37,19,40,31,31,65,39,35,30,41,41,25,34,30,43,77,37,31,31,40,45,28,32,35,32,43,26,20,18,14,27,29,29,21,23,56,19,20,23,20,28,20,25,26,31,90,25,34,21,37,43,31,26,49,32,99,30,45,38,40,32,45,37,36,46,111,33,36,36,41,34,63,44,40,72,112,58,57,54,58,49,49,40,46,34,60,48,37,36,27,15,17,17,15,20,14,15,16,13,3
New Dorp,10,7,9,9,6,9,9,6,8,9,10,6,7,6,6,9,9,8,11,11,11,8,7,11,14,15,6,9,8,8,5,7,8,3,4,12,7,9,5,3,7,5,8,8,10,15,8,10,7,14,6,7,4,6,14,18,12,11,6,9,14,7,7,6,4,20,7,6,7,4,11,3,5,7,7,10,4,11,10,5,9,6,8,6,4,4,12,3,3,2,3,2,0,2,0,2,1,1,3,1
New Dorp Beach,5,3,2,3,3,4,2,2,0,2,4,2,4,3,2,5,3,5,5,4,6,1,3,3,5,4,3,4,4,3,3,2,3,1,2,3,2,4,2,1,3,2,2,1,4,5,3,3,2,6,2,2,1,1,2,5,2,3,2,3,6,0,2,3,0,4,2,3,2,1,1,1,3,2,2,2,0,1,1,2,5,3,2,2,0,2,5,1,1,1,2,0,0,0,0,1,0,1,3,1
New Springville,0,1,1,0,1,3,2,0,0,1,1,0,3,1,1,2,1,4,1,1,0,0,2,2,3,3,2,1,1,0,0,0,0,2,2,2,2,4,3,2,4,1,2,1,1,3,3,0,1,6,4,2,2,5,2,6,2,4,2,3,3,2,3,0,0,1,1,2,0,2,3,3,3,4,1,5,2,1,3,4,4,1,2,3,5,4,3,2,2,0,2,0,0,0,1,1,1,0,1,0
NoHo,2,4,8,3,8,11,2,2,0,5,5,0,2,4,6,12,2,2,6,2,4,5,2,1,3,6,1,0,3,1,2,2,1,3,1,19,6,3,4,0,2,5,5,1,1,21,3,2,4,3,4,5,4,5,4,32,10,3,8,10,10,18,10,9,14,36,5,12,8,8,7,5,4,9,12,15,12,14,7,19,13,12,11,13,15,14,16,7,8,10,11,5,9,15,9,5,11,4,5,5
Nolita,1,2,1,1,0,6,0,1,0,1,1,1,1,3,4,7,1,0,2,0,2,0,0,0,2,3,1,0,2,0,1,1,1,1,1,8,0,0,2,0,2,1,1,0,0,14,1,1,1,2,0,1,1,3,4,16,1,2,4,2,4,1,5,2,2,18,4,2,9,7,5,5,2,4,4,23,6,6,7,8,4,7,9,9,16,14,14,12,14,14,11,9,12,6,11,6,4,6,6,5
North Brother Island,21,17,22,19,17,29,16,15,14,16,20,12,18,19,25,37,29,26,22,25,19,25,20,24,29,32,20,24,18,21,22,23,13,20,20,40,18,18,19,23,18,22,17,23,19,40,28,19,27,33,29,28,20,23,29,65,28,39,24,33,25,23,33,30,33,70,31,23,31,36,32,25,29,30,34,61,29,32,62,30,54,45,36,48,49,63,86,41,14,25,24,11,14,9,9,13,11,11,11,5
North Riverdale,3,2,6,5,9,21,4,3,4,8,9,5,7,15,7,30,5,9,7,8,8,6,10,9,11,15,7,9,7,3,6,6,9,4,10,26,6,3,8,5,11,5,10,6,6,32,14,10,7,9,16,12,24,18,29,41,17,16,14,18,15,11,14,8,7,37,14,16,13,12,15,12,16,18,14,31,7,11,12,11,17,11,22,19,15,27,20,15,10,5,12,6,8,8,8,5,2,7,3,1
Norwood,3,4,6,5,8,6,3,5,4,1,4,2,8,3,5,7,4,7,5,4,5,2,2,5,3,6,2,5,3,4,5,2,4,5,6,6,2,0,2,1,3,3,0,2,3,13,2,4,3,5,5,1,10,3,6,20,2,4,6,3,9,5,5,7,9,31,12,7,12,8,4,11,9,9,11,18,10,10,6,8,9,8,8,9,9,10,11,3,5,3,4,3,1,5,4,3,1,1,1,1
Oakwood,1,0,1,1,1,6,1,0,2,2,2,3,4,2,4,8,3,3,3,3,2,3,4,5,3,3,2,5,3,0,0,4,3,2,1,4,1,2,4,4,9,6,6,4,4,7,1,2,2,6,3,4,1,0,4,5,6,6,4,7,6,3,4,2,2,4,5,4,4,0,3,1,3,1,1,4,4,3,2,0,1,2,5,1,2,5,5,4,1,3,7,1,1,0,3,2,2,3,3,1
Olinville,1,0,1,1,1,1,1,0,3,1,1,2,2,1,2,1,1,0,1,1,0,1,0,0,0,0,0,0,0,0,0,0,0,0,0,3,0,1,0,0,0,0,1,0,0,1,3,2,1,1,0,0,0,1,1,1,1,0,0,0,1,1,0,0,0,2,0,0,0,0,0,0,1,0,0,2,1,1,1,0,0,1,0,2,1,1,4,1,0,0,0,0,0,0,0,1,0,0,0,0
Ozone Park,11,8,5,7,12,26,10,12,3,10,20,16,5,9,21,35,20,20,17,22,23,18,18,18,17,26,14,9,8,7,12,15,12,11,10,31,16,16,18,17,16,10,19,16,16,64,13,13,16,20,24,13,21,28,32,92,34,41,37,39,20,38,37,34,39,68,33,27,38,39,59,49,32,27,37,54,34,39,48,32,35,34,30,30,33,35,41,24,19,21,18,8,10,11,16,10,8,12,7,2
Park Hill,77,76,89,74,89,216,56,55,57,80,94,65,69,91,122,255,97,95,87,82,75,83,79,97,106,151,64,56,51,33,60,75,66,54,64,210,70,52,55,63,85,62,66,63,58,297,94,83,89,106,126,111,124,122,144,350,114,131,112,110,127,123,125,109,104,332,123,111,110,134,142,139,128,151,151,269,156,133,157,139,173,157,165,159,120,203,169,121,121,128,118,77,78,83,83,70,60,61,51,25
Park Slope,14,13,19,16,17,77,12,12,6,18,12,16,13,17,27,84,14,17,16,8,17,23,13,12,27,69,24,23,11,6,14,16,24,18,19,106,20,15,34,14,30,16,27,25,25,180,41,26,38,36,56,46,60,73,80,178,55,51,85,67,66,65,80,83,74,229,87,93,75,96,100,102,96,95,113,209,111,100,150,115,113,123,138,133,106,168,163,125,124,112,92,91,78,84,87,88,68,61,49,25
Parkchester,3,2,2,5,8,11,2,1,1,2,4,0,4,6,3,14,9,5,2,6,2,6,5,10,8,28,16,13,10,5,10,10,25,15,12,17,10,5,5,6,12,2,3,8,8,18,15,3,11,3,11,4,11,38,18,34,16,16,32,23,14,10,6,12,9,26,11,7,8,11,16,14,7,15,25,13,10,11,14,10,15,16,11,15,12,12,12,13,6,4,6,4,5,4,6,4,1,4,1,2
Pelham Bay,13,14,8,12,16,36,8,18,7,11,15,12,10,11,15,45,11,15,17,25,16,18,17,23,22,25,6,11,9,4,7,12,8,12,10,29,4,4,7,5,9,5,8,12,5,43,9,16,17,23,24,18,17,25,17,58,14,22,24,24,18,27,14,21,38,55,16,27,19,23,21,25,9,27,37,35,26,18,22,24,25,17,17,18,19,19,16,22,23,15,18,17,9,11,9,8,5,8,7,3
Pelham Bay Park,13,14,7,11,16,34,8,16,7,11,15,11,6,10,15,40,11,15,15,25,15,17,16,22,21,23,6,10,8,4,4,9,7,8,7,24,4,4,4,4,8,4,6,10,4,39,8,12,10,20,16,14,16,16,12,41,9,17,16,17,14,22,10,14,28,44,14,19,16,22,13,20,9,24,29,32,22,15,20,20,20,15,16,16,16,16,12,22,20,12,17,16,8,10,9,8,5,8,6,3
Pelham Gardens,5,3,3,3,6,15,3,5,4,8,9,4,4,5,8,17,8,6,4,8,3,6,4,6,9,10,2,6,2,0,4,5,5,2,1,9,0,1,4,2,2,1,2,4,3,15,1,3,2,5,7,2,10,7,5,13,5,7,7,6,4,6,4,4,6,15,6,8,8,11,6,9,3,8,9,9,7,3,4,3,5,4,6,3,5,4,6,10,8,3,5,4,2,4,4,1,1,1,1,1
Pelham Islands,0,0,0,0,0,3,0,2,0,0,1,0,0,0,1,4,0,1,0,2,1,3,4,6,4,4,2,0,2,0,2,2,1,1,0,6,0,0,1,1,1,2,1,0,1,5,0,3,1,0,2,1,1,1,1,2,1,2,1,0,0,3,1,0,1,3,0,3,1,3,0,2,0,0,1,3,1,3,1,1,3,0,2,1,1,0,0,0,1,0,0,0,0,0,0,0,0,0,0,0
Pleasant Plains,5,4,2,3,2,12,3,1,2,5,3,3,5,5,7,14,6,5,7,7,5,5,6,3,3,10,4,3,2,0,1,0,5,3,5,9,8,5,4,5,3,6,5,2,1,8,3,7,3,4,0,5,1,6,1,11,11,3,6,3,7,4,3,4,4,16,5,4,6,3,2,4,1,2,3,11,5,4,4,3,4,3,4,2,3,6,5,2,2,0,1,0,0,1,1,0,1,1,0,0
Plum Beach,2,1,2,1,2,5,2,1,0,3,2,1,2,0,2,4,2,0,4,1,0,3,2,2,3,3,0,0,1,0,0,2,1,0,2,2,2,2,1,1,1,0,2,2,2,2,1,3,4,4,3,3,4,0,4,12,4,5,2,2,1,4,4,0,4,2,0,4,3,1,2,2,0,5,4,5,3,3,3,6,5,4,1,5,5,6,4,3,3,1,0,1,3,0,2,1,0,0,1,0
Port Ivory,0,0,0,2,0,2,0,2,0,0,1,3,1,2,1,3,2,1,1,4,2,1,1,2,2,4,1,1,3,1,2,2,2,0,0,2,1,1,2,5,1,1,0,2,0,3,1,0,1,1,0,0,1,0,3,1,0,2,3,2,6,2,2,2,1,2,0,0,0,1,2,0,0,4,2,3,2,2,1,2,2,0,1,2,2,3,3,2,1,1,0,1,1,0,0,0,0,0,0,0
Port Morris,31,21,41,38,40,54,33,20,18,21,19,19,20,24,30,49,32,26,32,25,29,28,25,27,27,26,13,14,14,13,22,12,15,16,15,36,15,8,22,14,16,19,14,15,17,40,13,15,14,20,20,16,22,21,25,50,18,22,19,25,27,19,15,17,19,47,14,11,10,10,17,12,14,15,18,38,13,15,16,11,20,19,18,11,11,19,24,7,11,9,6,2,1,5,5,7,6,1,3,2
Port Richmond,19,16,31,21,24,38,18,23,23,27,32,30,29,40,41,49,43,34,44,28,23,14,20,33,27,28,22,24,15,12,17,16,17,21,15,34,19,21,19,18,24,17,12,7,10,43,15,16,13,27,19,14,14,15,16,33,14,16,11,19,22,15,12,10,9,18,14,16,6,13,8,13,12,8,8,20,9,12,6,13,15,11,9,6,9,19,17,5,10,10,4,4,6,5,6,3,4,3,3,1
Prince's Bay,0,1,0,0,1,2,0,0,0,0,0,0,0,0,0,1,0,0,0,0,0,0,0,0,0,0,0,0,0,0,0,1,1,0,0,1,0,0,1,0,0,0,0,0,1,1,0,1,1,1,0,0,0,1,0,1,1,0,0,1,2,1,0,0,0,2,1,2,2,0,3,1,1,0,1,3,1,0,1,0,0,1,3,1,0,1,2,0,1,1,0,0,0,0,0,0,0,0,1,0
Prospect Heights,20,16,17,12,18,54,12,16,15,11,25,17,16,19,23,58,25,20,15,17,17,16,14,24,22,39,19,21,11,13,15,16,14,3,10,46,18,9,12,13,17,10,24,10,11,80,27,12,18,32,30,28,27,28,39,85,24,27,30,27,27,30,38,27,39,93,43,44,40,35,45,50,55,46,56,87,62,49,54,48,56,51,49,62,64,67,70,65,62,44,58,43,51,53,44,41,31,26,28,16
Prospect Park,53,51,62,62,54,139,37,51,42,50,56,54,47,64,82,177,72,73,79,83,76,73,54,76,81,123,62,55,36,31,47,57,51,33,53,167,54,47,49,49,68,49,67,51,42,233,87,75,72,100,104,77,87,100,85,246,98,92,110,93,95,81,68,79,95,264,102,96,102,87,114,103,119,115,121,215,131,125,132,114,111,128,123,130,115,137,141,117,112,99,92,81,76,77,78,67,62,56,46,27
Prospect-Lefferts Gardens,2,0,0,3,4,6,0,1,0,1,4,3,0,2,1,2,1,1,2,2,3,3,4,2,1,3,0,1,0,0,0,1,1,0,0,2,0,1,0,0,1,0,0,0,1,5,0,1,1,0,4,1,4,4,2,2,0,2,3,1,2,1,2,2,7,2,1,0,0,2,3,3,1,2,1,3,1,2,2,1,7,1,1,4,4,3,5,3,3,3,3,2,4,6,1,2,4,2,5,4
Queens Village,29,34,32,37,38,127,28,32,28,50,72,45,53,74,70,155,63,62,60,67,57,60,63,67,87,125,51,59,46,29,53,67,65,62,59,222,76,65,67,60,70,48,70,62,72,317,106,84,103,136,149,97,117,160,195,398,148,158,179,155,153,138,141,134,125,388,145,138,139,158,175,195,130,140,196,338,184,196,215,177,178,192,179,176,174,252,228,145,128,130,162,106,103,99,95,97,61,107,60,24
Randall Manor,1,1,0,2,1,2,1,1,1,1,1,1,2,1,1,2,1,1,0,1,0,0,2,1,1,0,0,0,1,0,0,1,0,0,0,1,0,0,0,0,0,0,0,0,0,0,0,0,0,0,0,0,0,1,0,1,0,0,1,1,1,0,0,1,0,3,1,0,2,0,1,1,0,0,0,2,1,0,1,0,1,0,0,1,1,2,1,0,0,0,0,0,0,0,0,0,1,0,0,0
Randall's Island,1,1,1,0,1,0,2,1,1,2,1,1,1,4,0,7,1,4,7,6,0,6,2,3,1,1,0,0,0,1,1,0,1,1,1,3,0,1,1,1,0,0,0,0,2,0,1,0,2,1,2,2,0,2,0,2,0,0,2,2,1,2,3,2,0,2,0,1,2,2,0,0,2,1,0,0,1,2,0,3,1,1,1,1,2,2,0,0,1,1,2,1,0,1,1,0,1,0,0,1
Red Hook,8,9,20,14,12,37,13,10,8,16,11,9,15,14,26,62,22,17,27,42,28,32,34,44,46,60,30,25,19,20,24,15,23,28,25,82,33,31,26,20,19,27,28,23,16,104,28,28,27,34,30,39,39,38,50,137,31,54,52,49,43,52,50,39,48,115,41,40,35,38,35,59,58,60,46,87,62,73,56,56,58,50,69,62,38,71,96,55,51,39,51,35,40,35,28,24,28,35,21,17
Rego Park,2,3,2,3,5,10,4,4,3,0,9,5,5,7,4,17,3,7,3,6,3,4,8,8,13,15,6,10,0,3,9,6,11,5,10,25,12,11,11,12,8,8,13,11,10,37,12,15,12,17,20,14,23,38,29,79,28,25,41,30,37,26,20,24,22,52,15,19,20,20,24,20,23,28,39,41,28,28,28,29,26,22,17,26,15,21,18,7,7,13,13,6,3,4,8,6,5,9,6,4
Richmond Hill,23,21,29,24,26,38,18,22,28,30,48,35,40,50,48,78,53,42,47,37,27,35,32,42,43,38,28,25,20,19,27,39,34,23,33,59,25,26,19,20,29,21,27,18,13,58,21,30,21,26,36,20,25,23,36,73,30,36,34,31,30,35,29,23,24,60,31,26,33,28,24,31,22,26,30,53,31,26,25,31,27,32,35,25,24,32,30,28,25,20,24,15,10,9,15,16,8,8,13,3
Richmondtown,1,2,3,3,3,7,0,4,0,3,5,2,0,2,0,12,3,2,1,1,1,0,1,3,3,5,2,4,1,1,4,1,3,0,2,8,4,1,1,1,3,0,2,0,4,9,2,2,1,10,1,4,1,5,2,4,3,3,1,2,3,14,3,1,4,7,2,4,5,1,4,2,3,2,2,8,4,2,8,2,3,1,1,1,0,5,5,2,0,1,0,0,2,1,0,1,3,0,0,1
Ridgewood,11,7,13,11,15,32,10,12,11,13,28,13,13,16,18,46,36,28,21,25,24,17,15,13,18,35,13,11,13,11,16,9,17,6,10,33,13,12,17,17,15,10,18,15,24,50,17,12,14,22,16,15,20,30,25,78,33,45,32,22,26,23,27,19,21,71,29,29,20,27,24,44,29,26,37,62,20,35,41,25,36,32,25,18,28,42,36,13,20,9,13,12,15,14,14,10,10,14,11,3
Rikers Island,6,3,5,4,2,8,2,2,3,3,7,6,5,6,10,23,16,12,21,15,20,9,14,17,28,22,12,7,9,8,17,18,8,11,10,33,8,9,15,20,15,17,20,15,25,57,22,19,30,28,43,36,36,37,62,121,68,64,65,64,66,45,52,80,92,143,91,69,72,83,91,101,89,81,104,124,84,83,78,69,70,72,71,61,53,54,62,57,66,38,36,26,36,39,54,43,42,44,50,33
Riverdale,10,14,17,23,22,52,13,16,19,25,19,14,21,32,30,73,22,25,21,40,21,23,25,29,30,50,21,28,24,23,31,29,26,19,26,79,24,11,34,30,36,21,34,24,26,123,48,43,44,33,59,49,59,84,88,131,64,57,73,71,64,45,58,54,49,132,46,66,53,69,67,58,63,58,75,112,62,53,57,57,56,56,56,51,39,70,59,42,35,30,31,23,28,27,29,23,8,14,13,7
Rockaway Beach,23,22,22,21,24,35,17,21,14,23,35,24,20,28,36,71,38,35,17,40,27,27,25,35,30,43,14,16,20,10,20,16,14,20,32,44,15,24,17,23,20,30,17,25,22,64,31,24,23,32,25,23,16,30,28,74,24,43,30,35,25,33,17,22,18,48,18,23,21,26,26,30,22,28,18,42,29,36,35,29,36,41,31,22,26,24,42,27,22,14,22,7,9,6,11,9,11,13,11,3
Rockaway Park,25,19,26,21,28,44,23,21,14,25,32,29,26,33,36,78,44,43,26,47,36,35,37,48,51,56,19,27,30,13,29,22,17,24,36,53,29,24,16,26,25,30,27,33,20,70,36,24,32,38,27,25,30,31,36,87,37,53,35,38,25,32,20,26,27,66,23,35,26,28,29,36,34,37,20,53,37,41,34,28,44,48,38,33,32,33,54,35,27,21,30,13,15,12,12,10,14,13,14,8
Roosevelt Island,36,35,55,41,32,87,37,29,40,53,66,39,56,82,105,135,99,85,89,73,67,77,69,67,88,101,61,55,38,45,68,45,48,46,47,116,53,35,39,36,43,54,46,38,41,138,49,56,45,62,66,57,56,69,88,173,72,57,72,76,84,93,62,65,55,153,52,71,56,67,75,74,48,65,92,105,59,61,67,57,76,53,65,64,50,83,75,42,43,48,47,37,33,28,33,30,23,33,29,4
Rosebank,5,1,1,2,2,8,4,7,5,9,8,5,4,6,6,13,7,4,3,0,3,3,5,2,2,6,2,3,2,1,6,4,1,3,2,6,4,4,2,3,2,3,0,1,0,6,0,2,2,4,4,2,1,1,2,6,1,1,6,6,7,5,3,2,3,5,1,1,4,2,3,2,1,2,2,5,6,3,3,1,1,2,0,6,2,7,3,1,4,0,7,0,0,1,1,2,0,1,0,0
Rosedale,3,3,1,2,1,1,2,2,0,2,3,2,5,6,8,7,8,5,6,3,3,2,5,5,6,6,5,7,7,3,8,4,6,3,4,7,5,3,6,5,7,8,4,2,6,14,8,7,9,8,11,7,7,12,15,31,20,13,12,16,10,12,11,14,6,20,15,9,9,9,8,11,7,7,14,19,11,15,11,9,9,10,8,16,9,11,8,6,4,6,2,2,2,5,0,2,0,1,0,1
Rossville,0,3,0,0,0,2,1,0,0,1,0,0,1,0,1,1,1,2,0,1,0,0,0,2,0,0,0,0,0,1,0,0,0,0,1,3,0,0,0,0,0,1,0,0,0,2,0,0,1,3,0,0,0,1,0,5,3,4,1,2,3,1,1,2,1,3,3,2,2,2,2,0,3,1,1,3,1,0,0,0,0,0,3,3,1,2,2,0,1,1,1,0,0,0,0,0,0,0,0,0
Schuylerville,0,0,0,0,0,0,0,0,0,0,0,0,0,0,0,0,1,0,0,0,0,0,0,0,0,0,0,0,0,0,0,0,1,0,0,0,0,0,0,1,0,0,0,0,1,0,0,0,0,2,0,1,0,0,2,2,0,0,0,1,0,1,1,0,1,1,0,1,0,0,0,0,1,1,0,0,0,1,0,1,1,1,0,0,0,0,1,0,1,0,2,0,0,0,2,0,0,0,0,0
Sea Gate,10,14,15,10,20,31,12,12,6,13,12,8,16,11,17,33,10,11,12,12,15,9,10,10,16,26,9,9,7,5,7,5,9,4,6,28,13,4,7,10,8,6,7,5,8,28,12,14,5,12,14,9,8,14,11,29,13,9,14,13,12,11,14,6,11,17,13,7,8,9,8,14,6,9,16,20,17,12,9,8,16,12,11,10,5,19,10,5,5,10,5,6,1,2,7,2,5,6,4,1
Sheepshead Bay,14,14,4,6,15,36,9,12,9,13,17,16,13,16,14,36,19,13,10,23,18,11,14,15,12,32,17,11,9,6,12,14,11,12,16,37,7,9,5,7,15,16,22,17,21,59,12,16,21,24,30,27,24,31,34,86,41,44,45,38,38,40,44,53,37,100,34,40,33,31,38,36,42,39,30,59,42,43,44,47,56,42,54,41,34,49,43,21,20,17,16,12,16,9,12,19,6,9,8,4
Shore Acres,8,12,15,7,10,33,9,15,8,12,16,6,10,14,16,32,15,8,15,19,16,14,13,19,15,24,13,10,9,8,12,14,13,16,16,36,14,16,15,16,18,15,13,12,11,48,23,20,23,29,18,20,17,27,20,57,19,21,23,25,27,21,14,12,14,44,22,15,23,16,23,17,24,20,16,30,17,15,13,13,12,15,16,15,15,31,26,12,13,13,10,6,9,11,8,6,7,5,4,2
Silver Lake,8,6,10,11,10,12,8,6,7,5,5,3,7,6,12,19,7,11,8,6,14,11,12,12,11,13,9,8,7,5,8,7,8,11,12,19,9,10,6,6,9,14,8,8,7,21,8,9,8,15,8,7,8,11,10,19,7,9,7,4,8,15,6,1,8,16,6,13,10,11,8,8,8,10,5,7,5,9,3,8,6,10,7,14,7,15,13,11,8,6,9,4,6,2,7,4,5,12,6,4
SoHo,18,29,24,12,26,129,15,24,21,26,39,23,30,33,37,168,33,25,31,30,27,21,27,34,39,106,30,13,25,14,20,29,25,24,22,218,25,24,27,22,34,30,49,27,43,283,57,38,51,51,72,57,60,75,72,326,101,64,94,88,112,108,107,103,151,413,129,124,130,112,128,129,141,124,130,301,156,161,180,189,172,184,210,191,172,200,214,136,140,128,119,94,88,70,82,68,48,50,38,19
Soundview,0,3,1,0,6,5,0,0,2,2,3,1,4,1,2,9,1,0,4,7,1,1,4,6,5,5,2,2,0,2,2,5,3,1,12,9,5,3,12,5,3,6,8,9,12,17,13,2,4,8,7,5,10,12,8,19,8,8,10,10,7,7,10,10,6,20,8,10,11,12,9,16,13,9,15,22,15,11,20,32,23,20,33,12,29,32,19,15,17,7,11,7,5,5,10,8,2,3,4,3
South Beach,45,34,43,42,50,92,47,45,36,51,56,36,43,32,58,156,63,43,52,51,46,59,48,58,55,102,34,32,37,26,37,41,34,46,45,139,34,32,43,50,50,53,61,45,54,192,60,56,59,86,87,62,56,63,70,211,66,97,77,80,68,93,69,68,70,202,76,87,69,90,103,102,82,72,86,177,88,81,108,85,94,85,86,85,80,133,124,76,67,64,49,40,32,39,47,36,37,43,31,13
South Brother Island,29,21,32,30,26,42,17,23,19,22,32,20,28,18,37,55,38,29,34,28,27,27,24,22,28,40,22,26,20,21,26,22,16,22,18,50,22,18,18,23,20,22,26,21,24,61,30,28,30,31,40,32,25,35,39,70,33,44,35,38,28,35,35,34,38,85,38,32,42,49,39,46,38,37,43,77,41,47,74,38,60,53,40,59,45,68,81,36,17,20,16,14,18,17,16,14,16,11,15,4
South Ozone Park,7,4,2,4,9,9,3,8,1,3,13,8,1,2,8,16,11,6,4,2,9,5,8,8,5,13,7,4,6,4,8,10,4,5,6,14,8,10,9,10,6,6,10,7,11,35,6,10,11,11,16,7,11,15,19,53,20,28,22,23,14,18,21,17,22,33,17,16,19,21,25,21,12,11,14,30,17,22,25,13,16,18,15,17,17,20,20,12,8,12,9,3,3,2,5,6,5,5,4,1
South Slope,7,6,10,8,11,38,3,4,5,7,8,10,3,9,10,41,4,8,5,4,9,8,7,8,12,29,9,10,4,2,5,11,9,10,6,55,10,4,13,10,14,7,18,12,16,80,18,18,11,23,28,18,27,34,33,83,24,27,35,37,24,33,32,39,34,87,39,37,29,36,33,37,39,38,44,76,35,26,45,35,38,42,52,56,33,64,50,47,39,40,35,32,26,30,21,22,19,19,20,6
Springfield Gardens,1,1,1,0,2,12,1,3,1,7,8,3,6,5,6,12,5,1,2,1,5,3,3,5,6,5,0,3,4,1,3,5,0,5,4,10,4,2,3,5,4,4,4,5,4,21,5,5,17,7,9,12,9,19,11,33,10,10,15,12,12,16,11,14,7,22,9,7,14,9,12,7,10,8,14,22,10,14,10,12,20,17,15,16,9,19,16,9,6,4,3,2,2,0,1,4,0,0,0,0
Spuyten Duyvil,3,3,4,3,9,10,3,2,5,3,3,3,6,7,6,13,8,6,4,5,6,9,9,14,11,8,2,2,4,0,2,2,4,1,3,11,6,0,4,2,6,2,2,1,2,9,4,4,4,1,3,4,9,4,9,11,2,1,0,4,1,0,0,1,3,7,3,7,3,5,1,1,3,4,4,8,3,4,4,5,4,4,4,4,2,4,1,2,4,8,4,2,2,2,0,1,1,0,0,0
St. Albans,3,4,4,2,9,16,5,4,3,6,6,7,6,7,11,22,14,17,13,18,18,9,13,15,16,19,11,10,5,6,4,10,12,8,13,22,10,4,10,9,5,8,11,13,8,35,10,8,11,13,12,7,7,17,24,51,16,20,24,22,9,20,13,13,19,38,21,9,10,14,27,28,17,19,19,35,16,15,26,20,15,12,23,16,9,15,13,4,5,4,5,6,3,5,5,6,3,3,2,1
St. George,259,250,403,406,326,434,308,182,169,181,193,165,155,173,233,359,227,206,201,179,175,139,162,190,177,232,133,104,117,89,137,138,137,125,114,249,123,83,104,104,113,124,114,102,105,259,110,106,132,137,148,147,107,140,163,281,131,142,127,112,124,128,113,118,98,245,102,108,112,128,113,120,93,110,125,210,115,118,152,128,144,117,113,110,90,146,162,119,94,90,68,34,28,31,42,35,33,32,22,12
Stapleton,11,8,22,18,18,25,15,10,6,8,11,13,8,17,16,17,19,16,15,13,12,9,10,9,11,15,7,5,7,11,9,5,8,5,4,15,7,5,7,4,8,8,11,11,2,23,5,8,8,11,6,7,9,5,6,21,9,10,7,9,8,9,7,8,9,22,11,7,11,9,13,11,7,12,14,20,4,8,8,13,9,8,8,12,6,17,11,16,7,7,5,8,4,2,4,5,4,3,5,3
Stuyvesant Town,10,12,12,9,10,38,11,7,7,14,14,10,18,16,15,55,14,16,15,22,20,19,15,19,25,48,22,17,43,13,21,29,65,31,41,76,24,29,33,22,30,25,31,18,25,94,31,25,33,37,50,36,43,54,42,105,41,43,31,44,36,38,49,23,23,75,30,28,20,32,28,24,36,35,41,74,29,30,35,38,40,29,29,38,35,57,40,31,30,20,42,41,35,36,30,39,19,22,20,11
Sunnyside,9,6,10,7,7,27,1,4,5,12,12,11,8,15,14,30,9,8,7,8,10,10,13,13,14,14,10,6,4,4,7,10,14,16,10,23,11,10,7,10,13,10,10,8,8,47,14,9,8,18,20,13,9,21,10,48,13,15,12,23,17,16,15,16,10,38,6,22,15,14,12,23,19,17,26,53,21,18,25,20,18,19,14,19,14,21,23,16,13,19,27,12,18,14,11,15,10,12,12,5
Sunset Park,12,10,11,13,10,34,9,6,3,6,11,4,7,7,13,30,14,8,8,12,11,14,12,12,16,38,16,12,9,2,7,9,13,8,11,47,9,12,13,9,13,8,13,15,15,92,18,11,12,28,36,28,29,23,31,116,23,29,33,28,36,35,38,39,33,131,38,33,31,42,52,54,44,63,83,132,78,71,84,86,75,71,73,59,50,85,80,55,53,32,35,30,31,27,32,32,27,20,19,8
Theater District,30,26,21,21,24,101,21,19,17,30,49,32,26,41,38,126,17,30,26,14,26,27,24,21,33,75,20,24,19,21,29,23,29,28,33,125,24,22,25,33,27,26,39,31,46,179,55,45,61,58,82,76,78,72,87,203,60,67,102,77,93,109,99,99,95,257,91,109,88,88,102,99,119,89,107,181,109,100,111,107,115,110,110,102,105,115,94,77,66,70,74,49,46,53,42,43,36,52,21,12
Throgs Neck,6,7,6,2,7,14,4,5,5,9,4,2,5,7,7,22,9,6,6,4,4,12,4,4,12,8,5,4,1,3,5,4,7,6,4,24,5,6,8,15,9,10,10,14,9,29,29,17,12,22,23,13,17,18,23,43,14,23,22,13,21,25,15,14,10,45,17,28,19,20,17,21,15,29,19,31,18,23,29,8,15,22,15,14,15,15,19,14,14,15,14,9,15,14,7,4,5,6,5,1
Todt Hill,1,2,0,1,1,6,0,1,0,2,1,1,1,0,1,6,0,1,1,1,0,1,0,2,1,6,2,0,1,1,2,2,5,4,5,10,4,1,1,3,4,1,4,2,2,12,4,3,5,8,3,2,5,4,5,9,3,3,4,2,9,7,2,4,4,9,6,7,6,4,9,6,5,5,4,8,4,1,3,6,3,6,6,4,5,5,2,2,0,3,0,0,1,0,0,2,0,0,1,1
Tompkinsville,3,2,3,1,3,5,1,1,2,2,3,2,1,3,4,6,3,4,4,4,0,2,1,2,1,3,1,0,0,0,1,2,0,1,1,1,0,1,0,1,0,2,1,1,0,1,1,1,1,2,3,2,4,2,1,2,2,2,1,3,0,2,0,1,0,3,2,0,0,1,1,1,3,1,1,3,1,0,2,4,2,2,1,1,2,3,2,1,4,1,0,2,2,1,3,4,1,1,2,1
Tottenville,5,7,5,3,8,15,9,2,5,3,7,6,6,11,9,21,11,7,10,9,7,7,7,13,11,10,8,9,8,4,5,7,5,7,3,16,5,7,5,3,8,8,4,7,8,17,9,12,10,18,7,4,3,5,9,21,7,7,5,14,13,12,8,8,9,21,10,7,13,3,3,11,16,7,14,23,13,11,7,10,10,13,14,5,4,14,20,9,8,5,5,2,3,4,2,5,3,5,4,1
Tremont,20,14,23,22,28,35,29,22,13,16,25,24,15,20,29,51,35,23,22,21,19,17,16,18,19,36,16,19,12,10,21,12,19,21,19,36,12,12,10,11,12,10,16,11,14,48,15,12,15,13,27,27,29,34,31,100,34,31,35,37,41,27,44,22,24,88,29,31,23,28,46,44,43,47,43,65,38,43,53,37,31,40,23,20,20,37,23,21,18,13,9,7,7,5,3,10,7,3,2,1
Tribeca,5,10,9,8,11,60,6,12,4,11,19,13,10,18,28,81,14,18,16,14,10,14,9,18,29,58,11,9,10,10,16,12,11,9,16,108,10,14,13,10,19,15,17,15,22,142,32,19,17,28,38,26,25,41,40,196,33,36,30,48,50,74,42,61,57,266,55,90,74,59,100,75,113,87,98,219,107,104,125,129,134,133,134,154,139,185,182,130,114,101,102,78,75,86,71,87,56,59,33,19
Two Bridges,54,45,57,39,47,113,46,51,45,68,52,57,66,64,96,157,86,96,90,86,71,85,106,80,129,138,73,44,46,34,65,75,73,78,63,167,81,62,79,92,62,62,68,68,71,221,75,76,77,123,115,107,116,119,90,301,101,115,119,107,167,101,112,121,119,321,116,133,120,118,114,142,125,115,126,214,138,129,149,118,147,96,124,120,91,157,154,95,79,88,72,48,59,66,67,49,26,42,26,17
Unionport,2,1,1,3,6,3,2,2,0,0,1,0,4,0,3,4,3,0,1,1,1,3,2,3,6,7,1,3,2,6,0,1,2,1,4,3,7,2,1,1,0,1,0,3,1,2,1,1,3,0,0,3,10,6,2,5,5,5,6,5,2,1,1,2,1,4,2,1,2,1,0,3,4,5,7,8,3,1,2,2,0,1,0,2,0,2,0,1,1,1,0,0,0,0,1,0,0,0,0,0
University Heights,18,28,24,22,24,84,12,24,30,28,38,29,35,37,64,111,41,33,44,44,32,44,33,43,50,77,43,31,31,34,35,44,55,32,39,148,43,23,30,43,43,28,44,45,43,231,54,53,55,65,108,72,97,117,106,253,74,100,100,97,101,79,96,99,97,306,97,97,98,119,121,148,108,95,151,272,184,149,192,159,185,171,152,153,104,187,177,101,103,86,100,59,62,77,69,60,45,46,36,15
Upper East Side,93,83,84,79,87,339,76,66,64,86,110,86,106,117,172,406,95,74,97,85,79,99,89,105,134,239,68,60,47,42,73,85,101,85,80,408,91,79,88,95,97,90,93,83,118,565,157,112,155,151,228,205,177,203,227,691,213,226,235,213,246,210,229,241,249,812,308,296,261,304,365,359,339,364,428,663,381,360,427,432,385,423,405,358,350,509,419,335,298,289,248,221,225,262,215,211,145,146,120,73
Upper West Side,93,90,86,81,78,331,76,73,70,89,113,89,105,130,157,401,102,86,97,81,73,101,82,95,140,239,64,66,42,47,70,90,112,78,72,390,76,72,79,84,100,88,85,91,116,570,158,125,155,150,218,175,154,201,224,702,214,223,237,212,264,206,237,261,257,828,289,310,247,311,378,359,388,365,398,676,389,387,460,426,417,428,424,342,342,466,412,334,287,266,239,202,194,244,222,195,141,148,129,65
Van Cortlandt Park,15,11,19,14,17,36,10,7,15,15,11,9,17,20,24,52,16,20,26,18,13,22,13,15,9,15,9,5,3,5,11,7,8,4,13,25,11,3,11,10,17,7,10,6,10,32,13,15,10,11,10,10,4,10,14,37,8,13,12,15,10,15,10,9,20,35,16,22,12,13,19,19,10,16,18,31,17,24,31,18,30,13,28,19,20,19,22,17,25,19,24,14,12,13,11,9,7,12,1,4
Van Nest,27,17,38,48,34,40,41,9,7,4,4,2,4,5,10,17,13,6,9,4,9,10,9,7,10,18,7,7,7,10,9,6,6,6,5,17,12,6,7,7,5,8,6,6,8,13,7,8,5,7,7,5,5,9,5,18,6,4,7,9,7,8,4,1,5,9,2,7,4,3,4,3,4,3,3,9,6,2,4,3,9,3,4,5,4,8,1,3,3,1,1,0,0,0,0,0,2,0,0,0
Vinegar Hill,1,0,1,0,0,2,0,1,0,3,1,0,0,0,0,3,0,0,0,0,0,2,1,1,1,3,2,0,1,1,1,0,0,0,2,1,0,2,0,0,4,0,0,1,0,4,1,1,4,0,2,7,4,1,0,8,1,3,1,1,2,2,2,4,2,6,3,2,5,2,3,5,4,4,4,9,2,4,7,2,2,5,4,14,4,3,4,3,4,4,7,6,4,5,4,7,4,4,2,1
Wakefield,13,7,8,6,17,29,9,4,7,9,10,7,16,19,19,38,10,17,7,7,5,8,4,9,4,16,4,6,4,4,12,10,11,12,12,44,17,8,20,13,16,11,15,18,17,61,20,17,27,23,31,30,39,37,40,93,37,28,44,26,41,28,32,26,25,126,41,50,28,43,46,56,75,52,59,143,62,56,59,66,48,43,53,43,46,69,44,41,22,33,23,18,24,17,16,15,16,17,13,9
Washington Heights,47,53,58,43,45,150,47,52,77,69,67,49,66,80,81,183,78,62,73,78,61,66,69,76,78,114,69,58,32,37,56,63,64,53,58,165,41,24,42,57,54,51,55,48,48,281,66,67,66,93,125,73,97,98,112,327,88,122,131,122,138,107,140,117,125,378,138,137,118,135,173,181,155,170,247,359,249,262,269,242,244,240,201,161,143,243,217,142,135,103,118,77,79,72,75,63,47,66,39,16
West Brighton,20,10,28,18,16,45,27,27,21,29,27,16,24,19,27,54,25,23,19,25,28,22,21,26,23,27,16,15,11,9,24,23,23,14,14,33,14,18,16,16,16,15,13,19,23,54,19,20,15,27,23,19,20,25,15,49,16,25,22,22,20,23,21,19,21,52,12,19,26,23,20,32,22,13,26,47,26,19,16,22,22,27,24,27,19,26,19,15,20,13,11,9,8,8,8,5,8,7,7,1
West Farms,23,20,29,23,30,54,23,13,20,24,24,19,14,30,27,53,19,29,15,12,13,12,13,20,18,25,9,9,6,5,14,9,10,14,19,42,10,11,12,15,16,13,13,9,10,42,13,18,19,22,21,14,25,19,18,58,18,14,16,20,22,20,22,12,12,47,16,21,16,17,23,20,17,18,20,40,21,17,15,25,12,13,12,26,13,23,15,15,10,10,17,3,6,5,3,3,5,6,5,0
West Village,66,62,71,57,78,316,60,73,65,79,98,85,98,106,119,342,101,106,96,101,74,88,93,105,146,256,82,81,65,59,84,96,94,109,112,386,95,96,92,112,124,95,110,120,125,584,191,156,157,186,216,171,204,214,250,584,202,208,230,217,215,210,189,187,188,634,205,216,196,240,289,255,258,216,249,488,267,267,303,302,284,312,271,315,286,404,342,248,234,256,238,173,182,168,151,141,102,139,79,36
Westchester Square,21,22,22,15,10,58,10,16,13,10,19,17,14,19,23,72,19,20,24,22,18,18,16,18,25,38,10,6,9,5,13,15,20,14,12,66,9,14,27,25,19,14,13,15,18,90,26,28,26,25,41,22,31,36,44,115,37,42,41,47,45,38,45,30,33,148,45,46,37,44,64,55,71,50,56,139,58,64,74,64,62,71,59,66,59,98,92,64,52,52,41,21,26,21,18,24,17,16,11,6
Westerleigh,1,1,0,0,0,4,1,0,0,0,1,1,0,0,0,2,2,2,1,2,2,0,1,1,1,1,2,2,0,0,2,0,1,2,2,1,0,0,1,0,0,1,1,1,0,4,2,1,0,0,1,2,2,0,3,4,1,3,2,1,0,0,3,1,0,2,7,0,5,1,3,2,1,2,8,5,1,2,0,0,3,0,3,0,2,5,2,0,2,0,0,1,0,0,3,0,0,2,0,1
Whitestone,9,8,4,11,8,18,6,9,11,18,10,12,13,13,17,31,17,14,21,29,17,26,27,23,53,37,16,15,7,5,19,11,14,16,20,34,19,10,11,18,15,15,10,19,17,48,27,24,12,39,25,18,17,26,34,65,23,33,36,20,23,21,18,14,12,53,15,27,13,31,21,27,30,32,33,47,29,27,32,23,21,22,20,19,24,30,23,23,18,9,8,6,7,12,8,14,7,12,7,4
Williamsbridge,0,2,4,1,11,8,3,2,2,6,5,4,3,3,7,15,6,5,4,6,4,6,12,3,5,6,2,2,1,0,3,2,4,2,1,5,5,2,4,4,2,1,3,0,2,12,2,3,4,1,5,3,9,5,6,18,3,6,7,4,3,4,9,6,1,17,2,8,4,7,5,12,7,11,8,18,10,9,12,15,5,11,11,4,2,6,6,4,4,2,1,2,1,2,1,2,1,0,1,1
Williamsburg,36,39,22,33,34,86,19,28,30,43,49,27,30,44,47,119,57,39,54,47,57,64,45,60,58,99,49,31,24,34,27,41,45,48,44,139,43,36,40,44,50,35,48,42,47,237,68,52,54,92,87,84,68,101,104,308,84,97,103,71,101,72,94,103,70,281,103,118,80,114,138,117,104,150,149,260,148,135,150,122,144,155,142,147,159,219,196,158,149,138,156,109,120,148,111,116,104,113,83,35
Willowbrook,0,1,4,1,1,3,0,0,0,1,0,0,0,1,1,7,1,0,0,4,1,1,3,3,3,6,4,6,3,2,4,5,7,2,3,8,4,3,5,4,8,6,2,3,5,17,4,8,6,4,14,13,4,6,11,18,7,14,10,5,25,6,11,11,11,11,10,5,7,9,8,4,3,6,6,7,6,4,3,6,4,5,3,3,2,3,2,1,2,2,3,2,0,2,0,0,0,0,0,0
Windsor Terrace,3,2,2,1,3,6,1,3,3,2,1,3,3,2,2,8,4,4,3,1,0,2,0,0,4,6,2,3,2,0,0,1,3,3,1,6,3,2,4,1,1,1,1,2,4,10,6,2,4,4,2,3,6,5,7,6,4,4,6,3,2,2,4,3,5,21,5,4,5,13,6,13,7,10,7,20,21,12,10,11,9,12,13,10,5,13,14,11,8,8,7,10,9,10,10,5,2,7,2,3
Woodhaven,11,8,8,7,14,24,7,9,6,13,23,15,7,14,18,27,19,22,10,13,10,11,17,19,19,20,4,13,5,11,12,6,8,10,8,21,11,8,8,4,6,8,11,3,4,29,10,11,4,11,10,13,10,9,17,45,15,12,20,12,8,12,10,15,9,32,12,9,12,9,15,10,14,14,23,34,18,18,25,27,16,15,10,6,6,12,15,8,7,5,2,5,3,2,3,3,5,2,3,2
Woodlawn,12,9,8,12,20,19,13,12,7,7,11,6,12,8,15,30,19,12,11,11,16,10,10,6,7,16,7,9,11,7,15,9,5,9,4,9,8,3,3,4,7,8,2,5,2,11,12,4,5,3,10,14,10,11,11,30,5,5,2,8,7,11,11,6,5,18,11,9,8,7,7,4,2,9,2,11,12,11,10,12,15,8,8,13,6,11,9,8,4,3,8,1,3,3,4,5,4,3,2,1
Woodrow,27,25,18,26,20,25,14,7,6,8,7,7,10,18,13,22,13,18,6,9,6,6,8,10,13,12,13,7,1,8,12,6,8,11,4,15,10,5,11,7,3,6,6,7,6,26,9,8,9,10,17,14,11,18,9,29,11,19,10,8,11,10,8,14,11,24,6,4,8,4,10,15,6,12,14,22,11,11,7,8,3,5,4,10,4,6,15,12,5,9,4,1,1,2,1,1,0,3,1,0
Woodside,8,7,11,11,11,29,3,7,8,18,18,12,18,21,15,33,23,16,12,20,16,25,12,27,35,28,11,10,6,7,13,16,20,17,20,39,24,12,18,16,21,9,12,13,17,64,15,11,18,26,27,23,15,31,32,100,33,32,28,34,33,23,32,28,29,77,24,34,43,32,33,42,29,25,45,86,41,40,53,38,40,42,34,26,29,56,41,28,30,17,21,17,12,10,13,10,8,9,6,3
